100
1 993 8276
101 2518 6048
201 2202 3552
301 5802 9230
401 9097 9844
501 2493 7436
601 1323 5760
701 2260 7621
801 6533 9738
901 3259 6844
1001 1108 8749
1101 2080 2864
1201 399 6957
1301 3974 8713
1401 2187 7912
1501 6260 6506
1601 195 4986
1701 167 5637
1801 1921 2636
1901 372 8988
2001 6713 9740
2101 1409 2566
2201 2201 6090
2301 1923 5054
2401 4015 5790
2501 360 3086
2601 2716 2993
2701 6808 7199
2801 7200 8411
2901 8774 9938
3001 758 6330
3101 6917 9958
3201 5331 6839
3301 1151 7224
3401 1294 8535
3501 3509 7395
3601 729 9011
3701 4448 7900
3801 1899 4705
3901 660 3601
4001 1277 7616
4101 4520 5318
4201 2498 4311
4301 1187 6553
4401 1962 5708
4501 3446 7800
4601 2391 4643
4701 8665 9549
4801 944 4551
4901 3123 9599
5001 1487 6948
5101 2998 4664
5201 3880 6744
5301 2715 6390
5401 2402 4293
5501 7964 9103
5601 300 4058
5701 1396 8840
5801 233 1348
5901 7320 8761
6001 6349 9563
6101 5410 7234
6201 7051 9381
6301 2014 8931
6401 1527 3808
6501 6329 6923
6601 5057 7128
6701 8939 9239
6801 1758 9457
6901 4735 8631
7001 5319 7118
7101 7243 9757
7201 949 3468
7301 1516 9752
7401 4765 9186
7501 1037 2986
7601 4267 4470
7701 3306 3988
7801 3968 9799
7901 166 7968
8001 5912 6235
8101 1177 8121
8201 1064 7209
8301 2660 7188
8401 5869 7248
8501 8238 8389
8601 2768 7620
8701 7425 8785
8801 679 1785
8901 83 1926
9001 5024 8024
9101 2649 4816
9201 527 6680
9301 3158 8793
9401 2472 4009
9501 1393 7684
9601 5841 9249
9701 1389 7224
9801 6030 7294
9901 569 1316
