1000
1 2698 8891
11 2768 2941
21 560 1075
31 1984 4065
41 1145 1337
51 3617 8809
61 7449 9688
71 3661 8241
81 132 4725
91 1354 7724
101 4797 7898
111 3633 4774
121 5943 7236
131 521 3344
141 1926 2824
151 3257 5991
161 6035 7911
171 863 5364
181 3247 6026
191 583 3132
201 6106 7860
211 1739 2531
221 6437 7326
231 4325 9223
241 930 6815
251 7531 9441
261 6316 8438
271 1729 6969
281 2590 8745
291 5169 7483
301 9093 9418
311 2461 5005
321 5877 8752
331 334 1965
341 8842 9121
351 4955 9894
361 36 7762
371 4002 9434
381 3544 4152
391 3882 8768
401 7989 9479
411 2233 9677
421 3640 5631
431 2318 9436
441 3340 6659
451 723 1261
461 1177 6435
471 1470 1601
481 1694 9314
491 3784 6541
501 2445 6403
511 1980 2114
521 1765 9303
531 2807 3027
541 1424 8561
551 3589 7017
561 4919 6203
571 6007 6504
581 4264 4752
591 4715 8808
601 3849 7962
611 6058 9121
621 6654 8860
631 2631 5599
641 6350 6547
651 7038 8661
661 9171 9676
671 260 2365
681 6098 8445
691 3512 4947
701 170 8122
711 6918 8985
721 2668 8140
731 678 5199
741 1798 9839
751 915 2360
761 1618 6569
771 6075 6763
781 2704 4786
791 310 1653
801 801 2677
811 6167 6765
821 498 2944
831 6505 8516
841 2250 7212
851 3411 6072
861 5381 6144
871 7902 8428
881 6781 7567
891 381 3631
901 762 7479
911 8101 8456
921 3730 8795
931 5638 7642
941 2681 5033
951 2551 3505
961 3125 5665
971 5039 8292
981 6928 9945
991 3208 5235
1001 3782 9043
1011 1385 5907
1021 1917 7937
1031 3789 9761
1041 5241 5398
1051 220 7585
1061 1957 2475
1071 871 8668
1081 1618 7174
1091 4541 6481
1101 899 8165
1111 4970 9078
1121 1154 1611
1131 1130 9771
1141 2351 7696
1151 4470 5436
1161 9057 9730
1171 7010 8954
1181 4325 8530
1191 71 2231
1201 7362 7582
1211 1856 4807
1221 1820 3721
1231 8468 9719
1241 5903 7981
1251 5558 8557
1261 2753 7053
1271 825 8513
1281 1128 5051
1291 8124 9066
1301 4134 6203
1311 4983 6604
1321 9360 9482
1331 94 2720
1341 2931 6276
1351 1334 5426
1361 8337 8769
1371 1317 1910
1381 781 2339
1391 3108 3173
1401 6615 6810
1411 6373 9132
1421 4901 7372
1431 4479 5223
1441 5378 8157
1451 6370 8789
1461 874 8421
1471 5468 6769
1481 6765 7297
1491 1121 4421
1501 785 9067
1511 6439 8502
1521 934 5661
1531 2688 4104
1541 2539 9178
1551 1169 2576
1561 4351 7627
1571 609 2087
1581 226 649
1591 6150 9337
1601 1908 2918
1611 1426 4551
1621 7185 7860
1631 5348 7210
1641 8433 9891
1651 6659 8222
1661 1665 2347
1671 5576 5776
1681 1342 5526
1691 6069 6293
1701 6137 7548
1711 4355 6319
1721 6129 9415
1731 2947 3084
1741 6850 7778
1751 5826 7024
1761 17 3452
1771 2500 9999
1781 213 7323
1791 3503 9588
1801 5650 9263
1811 463 6737
1821 4903 5364
1831 4337 4949
1841 1441 6393
1851 2160 6690
1861 1725 8801
1871 2917 8214
1881 579 8156
1891 455 3250
1901 6053 8285
1911 4979 8272
1921 585 7600
1931 6192 7336
1941 373 8386
1951 3979 9831
1961 1812 5465
1971 6679 9443
1981 1650 7410
1991 423 8513
2001 4970 8752
2011 5775 9113
2021 2892 9025
2031 5545 7883
2041 2376 8560
2051 1771 7002
2061 1989 4774
2071 4155 9137
2081 1975 9622
2091 8470 9387
2101 490 2637
2111 2650 4641
2121 4451 9759
2131 7109 8652
2141 1395 6632
2151 4350 6108
2161 4849 6173
2171 6475 6922
2181 397 7314
2191 3557 4284
2201 4449 4767
2211 3767 6642
2221 1387 9091
2231 7165 9030
2241 2815 9860
2251 6928 7249
2261 1879 2086
2271 5142 7530
2281 1239 2435
2291 1127 3255
2301 387 9748
2311 1005 5037
2321 4860 7607
2331 2016 8979
2341 7747 8298
2351 2155 3556
2361 245 7631
2371 6146 8302
2381 2839 7979
2391 859 8060
2401 2227 8335
2411 930 8203
2421 405 460
2431 1713 2785
2441 375 950
2451 5425 9011
2461 738 8033
2471 31 3170
2481 6736 8956
2491 2877 4313
2501 573 8950
2511 4745 5870
2521 9190 9928
2531 937 2034
2541 3981 7057
2551 1728 9788
2561 1466 2058
2571 7102 8137
2581 4083 9926
2591 3179 7347
2601 373 5371
2611 3759 9625
2621 944 3440
2631 2315 8508
2641 1560 6064
2651 715 3085
2661 3124 8920
2671 832 8988
2681 6169 6476
2691 4199 4291
2701 8899 9780
2711 753 7313
2721 1971 2482
2731 8552 8559
2741 572 5633
2751 2875 6790
2761 6191 7158
2771 6143 8881
2781 7691 7978
2791 4020 4950
2801 136 7755
2811 1368 6868
2821 1476 6667
2831 6272 9655
2841 2991 7627
2851 2853 3634
2861 2621 5121
2871 4803 5836
2881 7859 8787
2891 4287 5171
2901 2191 2329
2911 403 6519
2921 2415 5775
2931 449 5676
2941 1254 4621
2951 1530 5094
2961 7627 7982
2971 6628 7433
2981 5992 7195
2991 5999 7420
3001 3653 6591
3011 6900 8021
3021 6475 7308
3031 2911 9203
3041 4542 7171
3051 3746 8806
3061 4697 5248
3071 3682 6921
3081 2935 8556
3091 2303 2350
3101 1660 4158
3111 775 3502
3121 1733 1892
3131 6973 8708
3141 1091 7963
3151 375 4901
3161 6806 7513
3171 2938 9979
3181 3170 9085
3191 7351 9775
3201 5154 8121
3211 958 4450
3221 2632 4070
3231 3071 6846
3241 7706 9257
3251 7911 9795
3261 3651 9509
3271 5612 6877
3281 2501 2901
3291 970 1863
3301 1324 4662
3311 1888 5414
3321 380 3860
3331 925 5919
3341 4549 5192
3351 1696 5718
3361 3992 3997
3371 5197 5257
3381 761 1487
3391 5956 7373
3401 5035 8844
3411 4446 4638
3421 1372 3453
3431 4534 9068
3441 2485 7564
3451 6388 7331
3461 2528 6510
3471 1231 3492
3481 1533 7942
3491 1475 2839
3501 1847 9245
3511 53 7323
3521 7715 8293
3531 3933 8161
3541 5974 9377
3551 5150 9831
3561 6030 7077
3571 7428 7960
3581 574 4254
3591 1753 2385
3601 5757 8397
3611 4342 6242
3621 3613 3713
3631 7144 8752
3641 462 8340
3651 550 1276
3661 2984 3710
3671 1823 3612
3681 6830 7111
3691 2704 4560
3701 1522 7993
3711 5206 7673
3721 2329 2585
3731 5694 6328
3741 8303 9242
3751 3135 5143
3761 6000 6904
3771 3249 9577
3781 304 1399
3791 2182 5670
3801 5262 5936
3811 5529 9062
3821 1599 7551
3831 1804 2000
3841 3034 5608
3851 2000 7288
3861 2794 8524
3871 8990 9331
3881 5099 9694
3891 1171 6559
3901 3969 5574
3911 1747 5908
3921 5031 7794
3931 1574 3501
3941 4427 4737
3951 5568 5825
3961 2962 3821
3971 255 4125
3981 7787 9196
3991 4980 9121
4001 3674 5381
4011 1540 3780
4021 3833 6886
4031 803 1156
4041 2711 5759
4051 2005 5548
4061 5330 7882
4071 829 6156
4081 2949 3516
4091 3145 5679
4101 2467 8266
4111 1377 4610
4121 7709 8729
4131 3528 7648
4141 4073 8109
4151 3412 4626
4161 3816 8893
4171 8939 9938
4181 2440 4403
4191 6259 8064
4201 4616 9569
4211 802 9229
4221 204 5998
4231 4001 6452
4241 1547 6580
4251 6110 6949
4261 2810 3387
4271 6712 8924
4281 3580 8615
4291 4317 8548
4301 2550 6698
4311 5872 8044
4321 5388 8872
4331 4014 4326
4341 2264 7067
4351 3504 6244
4361 4255 7135
4371 6649 8531
4381 495 3534
4391 2329 6196
4401 447 9526
4411 2496 6883
4421 239 5628
4431 776 2876
4441 1751 1814
4451 615 6460
4461 3365 9312
4471 488 3526
4481 4504 9669
4491 2591 6534
4501 1257 7778
4511 4203 6857
4521 2362 5514
4531 559 2741
4541 7418 8004
4551 945 7066
4561 1947 9953
4571 6208 9555
4581 1516 7353
4591 8511 9066
4601 3010 8512
4611 2016 8733
4621 4291 6286
4631 4142 6380
4641 159 6488
4651 760 3526
4661 7389 8241
4671 6513 9523
4681 6409 8566
4691 2048 8930
4701 2683 3090
4711 5261 8082
4721 7134 7424
4731 26 4092
4741 246 2674
4751 6230 7256
4761 4645 5863
4771 2209 3173
4781 5694 6508
4791 2564 3587
4801 5463 9272
4811 855 8645
4821 1663 3190
4831 4511 6605
4841 8797 8804
4851 2164 7178
4861 1743 2533
4871 5874 7889
4881 53 301
4891 4495 7132
4901 717 2888
4911 2488 8642
4921 570 6448
4931 1122 4343
4941 1304 9235
4951 500 7614
4961 3322 9231
4971 3858 4621
4981 7007 9806
4991 5966 9339
5001 3294 8946
5011 7544 9896
5021 2020 2132
5031 7788 9449
5041 3767 6705
5051 3475 7232
5061 1127 6882
5071 4159 7181
5081 2748 9888
5091 4088 4867
5101 3906 7319
5111 832 2678
5121 3945 7041
5131 3472 4888
5141 1482 9189
5151 705 5512
5161 4870 6900
5171 603 2962
5181 360 4524
5191 5187 8664
5201 1638 3168
5211 6938 8909
5221 2161 9529
5231 3069 5677
5241 5570 8887
5251 1201 5085
5261 4515 8566
5271 6401 9604
5281 3109 5971
5291 1377 9830
5301 7030 8145
5311 6729 9623
5321 852 5498
5331 1621 8083
5341 1679 2350
5351 3047 7150
5361 7211 9907
5371 5617 7278
5381 3784 4361
5391 4749 7612
5401 3047 8648
5411 4989 7547
5421 6248 8264
5431 3240 7493
5441 4566 5631
5451 5037 6671
5461 24 5767
5471 6005 7533
5481 173 7245
5491 6281 7628
5501 6107 9647
5511 2747 3763
5521 5194 9112
5531 5221 9527
5541 1891 3826
5551 363 8648
5561 2650 6557
5571 4384 5660
5581 4461 8283
5591 1177 1931
5601 2849 6882
5611 5539 8642
5621 2004 6811
5631 3872 9246
5641 87 6143
5651 906 3242
5661 1392 9015
5671 925 2197
5681 3044 9862
5691 2946 4780
5701 3020 6598
5711 4474 6427
5721 5010 8630
5731 5262 5263
5741 1262 9416
5751 4478 5969
5761 328 9063
5771 7636 8274
5781 1539 3711
5791 6161 9708
5801 8883 9452
5811 472 4478
5821 6684 8523
5831 5413 5508
5841 4802 5755
5851 4057 6882
5861 2035 5608
5871 148 3011
5881 44 5133
5891 8388 9239
5901 6669 6756
5911 897 3194
5921 6837 9739
5931 1804 6099
5941 4712 5691
5951 522 3501
5961 211 296
5971 5352 6386
5981 8465 9039
5991 5268 9207
6001 4935 8011
6011 152 3086
6021 1798 9630
6031 1918 7266
6041 755 1500
6051 5411 9984
6061 9257 9909
6071 7083 7604
6081 3607 7143
6091 9104 9518
6101 1502 2102
6111 4845 7730
6121 5447 6560
6131 2995 6234
6141 4932 6613
6151 1621 9349
6161 7708 8874
6171 5483 6975
6181 3018 4609
6191 3775 7912
6201 4459 8203
6211 4716 7757
6221 1113 7174
6231 5722 9454
6241 2422 6470
6251 4111 5209
6261 4909 9911
6271 4422 9261
6281 2180 9968
6291 1678 2423
6301 6746 7997
6311 6182 7771
6321 2256 4793
6331 2675 6328
6341 4070 6728
6351 2399 6777
6361 1079 2798
6371 5345 6120
6381 1332 9358
6391 6372 9151
6401 4038 4717
6411 7034 9832
6421 2910 4820
6431 4534 4842
6441 1033 6762
6451 3867 5571
6461 1545 5794
6471 3669 5564
6481 1736 3174
6491 2978 3497
6501 6720 7309
6511 44 8190
6521 315 387
6531 1939 2800
6541 1594 8952
6551 379 5172
6561 3378 4210
6571 468 2241
6581 903 4187
6591 5624 8688
6601 788 1792
6611 809 9210
6621 470 1423
6631 3609 9008
6641 948 2141
6651 3736 9976
6661 2273 4610
6671 2069 5840
6681 4562 7848
6691 6395 8425
6701 6572 8983
6711 232 6951
6721 4883 6273
6731 7467 8081
6741 1969 3212
6751 168 4209
6761 1286 2646
6771 5640 6222
6781 2462 5033
6791 1262 5440
6801 1774 5371
6811 1889 7449
6821 175 2385
6831 152 5694
6841 2306 2894
6851 2947 4908
6861 715 6904
6871 3946 8821
6881 3625 4499
6891 4808 6553
6901 615 8274
6911 328 4102
6921 44 7662
6931 2144 6427
6941 184 2264
6951 5161 9526
6961 4192 4303
6971 3757 8068
6981 334 1520
6991 2699 5747
7001 2352 7546
7011 2711 6087
7021 4934 6476
7031 699 6661
7041 776 4104
7051 175 6793
7061 456 2155
7071 489 2994
7081 2191 8951
7091 1106 8174
7101 795 1582
7111 4999 8084
7121 5351 5625
7131 6992 8555
7141 3742 4191
7151 5732 7395
7161 310 8475
7171 1916 9816
7181 521 9369
7191 1740 8819
7201 1775 5115
7211 4095 5583
7221 1308 5320
7231 3753 7828
7241 8994 9801
7251 4526 7237
7261 1520 9909
7271 2020 9305
7281 7757 8824
7291 4492 7853
7301 4827 9188
7311 1165 7373
7321 8424 9772
7331 718 6661
7341 1917 3450
7351 3747 6527
7361 1435 5586
7371 839 2049
7381 1388 2569
7391 4888 5696
7401 285 7927
7411 3546 9140
7421 2812 2968
7431 5015 7860
7441 3573 4367
7451 1011 1161
7461 2041 4751
7471 577 806
7481 1299 8454
7491 2820 6806
7501 4144 4658
7511 868 6716
7521 3502 7296
7531 2486 6477
7541 4474 8699
7551 3362 9249
7561 4272 9005
7571 206 8732
7581 7719 9352
7591 4244 9943
7601 1166 5582
7611 782 9523
7621 97 2353
7631 639 7562
7641 4487 5140
7651 2759 9173
7661 603 1565
7671 1592 7756
7681 7604 8113
7691 2693 6840
7701 5128 8409
7711 5913 7723
7721 2068 5578
7731 2268 3389
7741 2073 8936
7751 1870 2634
7761 2207 6414
7771 4169 5759
7781 2185 8489
7791 3262 3418
7801 3318 9768
7811 5096 7751
7821 1659 7577
7831 1736 7042
7841 3804 7383
7851 5042 7103
7861 3868 9947
7871 5505 9109
7881 499 4673
7891 553 7654
7901 1023 5846
7911 7951 9176
7921 700 7289
7931 27 4648
7941 15 4486
7951 4324 6426
7961 5042 8253
7971 4791 6400
7981 2189 9072
7991 42 6644
8001 6375 9475
8011 4236 7210
8021 2637 2674
8031 1120 7107
8041 4759 5847
8051 432 9588
8061 4841 9389
8071 2817 4350
8081 1271 6175
8091 2050 5944
8101 556 8007
8111 6805 8174
8121 7823 9571
8131 3001 5532
8141 1358 2470
8151 3723 8313
8161 7007 8701
8171 4945 8330
8181 471 9333
8191 507 9413
8201 5995 9294
8211 8776 9519
8221 2379 2986
8231 270 4071
8241 4019 5203
8251 223 1690
8261 9318 9781
8271 3337 4704
8281 1624 6330
8291 3343 9401
8301 4217 6642
8311 5689 7386
8321 5756 9983
8331 92 1150
8341 2829 7267
8351 3909 6968
8361 3145 4575
8371 6069 9449
8381 1472 2241
8391 4126 6461
8401 4769 7561
8411 2297 4906
8421 1187 3052
8431 444 7914
8441 3785 3918
8451 348 3426
8461 6667 7619
8471 2689 6930
8481 3930 8459
8491 17 3730
8501 1127 5875
8511 3138 9340
8521 982 7381
8531 1870 7380
8541 5337 7905
8551 8745 9612
8561 7649 8013
8571 2948 5892
8581 1885 8887
8591 2161 5810
8601 1115 3855
8611 5615 6126
8621 614 2799
8631 5584 6138
8641 8421 9047
8651 2733 8892
8661 3510 7500
8671 6894 8759
8681 7215 9561
8691 2745 7087
8701 3939 5344
8711 6966 9198
8721 3376 3876
8731 5024 8122
8741 1297 5179
8751 3467 5529
8761 272 8195
8771 2373 3565
8781 1556 3819
8791 419 9409
8801 4992 6045
8811 174 1093
8821 4997 7950
8831 6351 6457
8841 676 3426
8851 4013 8756
8861 3224 6648
8871 5147 8036
8881 674 7314
8891 4626 7536
8901 3376 6594
8911 4271 7005
8921 7019 7621
8931 3811 8670
8941 3277 9032
8951 488 9322
8961 434 9214
8971 3201 6208
8981 6395 8361
8991 5829 6406
9001 3583 7450
9011 4149 5841
9021 1104 7509
9031 1345 1976
9041 8481 9307
9051 5515 9428
9061 117 3868
9071 2379 9255
9081 1853 9832
9091 2359 2906
9101 742 2759
9111 1308 9223
9121 7279 8919
9131 901 5285
9141 8973 9601
9151 296 2519
9161 3468 8066
9171 7971 8442
9181 8944 9924
9191 3186 4852
9201 1093 5608
9211 2046 6604
9221 1666 4008
9231 4788 7323
9241 1050 1991
9251 760 3582
9261 1892 4685
9271 3785 6508
9281 9349 9435
9291 5901 9042
9301 3131 6608
9311 6622 8445
9321 4933 8460
9331 7524 9704
9341 3819 6250
9351 1452 8039
9361 7662 9506
9371 8563 9323
9381 3345 9880
9391 5191 6529
9401 6880 8049
9411 466 7669
9421 4273 4886
9431 1518 8594
9441 1210 1686
9451 1393 6116
9461 934 1749
9471 781 5260
9481 2850 6503
9491 2356 7269
9501 6384 9464
9511 1021 7910
9521 4123 8256
9531 4121 9480
9541 3949 8936
9551 5946 9309
9561 211 9885
9571 470 7703
9581 4718 7826
9591 2797 7705
9601 4754 5170
9611 3988 6359
9621 6955 8709
9631 1240 3214
9641 5610 9468
9651 2110 4052
9661 3576 8173
9671 9094 9580
9681 2603 6344
9691 3960 9409
9701 3584 8948
9711 123 7142
9721 442 6587
9731 6585 6620
9741 1354 3258
9751 1002 9513
9761 640 6203
9771 605 6863
9781 6407 7773
9791 1786 8136
9801 8282 8934
9811 1090 6833
9821 572 3482
9831 1885 4887
9841 5290 9417
9851 1621 9846
9861 1511 7285
9871 1536 5451
9881 2833 9451
9891 4757 8763
9901 2787 9905
9911 8951 9183
9921 2450 4666
9931 8143 8162
9941 6103 9042
9951 1906 9934
9961 1183 2482
9971 3637 4182
9981 7493 9970
9991 6341 6431
