1000
1 3819 47813
101 32819 90151
201 53353 68491
301 53040 67446
401 77904 85827
501 4205 43935
601 21763 32628
701 16583 81107
801 44366 62674
901 565 58588
1001 27883 95105
1101 26546 56023
1201 32560 79641
1301 47160 87789
1401 7974 88091
1501 28656 90396
1601 28681 66720
1701 1040 58877
1801 27490 43321
1901 34736 89765
2001 26776 49728
2101 3826 57610
2201 37967 57293
2301 71004 98053
2401 81963 95420
2501 4144 79052
2601 11575 60742
2701 41216 43240
2801 37047 90361
2901 36086 41745
3001 2296 10924
3101 2866 17313
3201 55251 92147
3301 43863 79224
3401 75163 95304
3501 42470 64490
3601 33517 66698
3701 41859 86365
3801 33853 48859
3901 16514 86908
4001 10025 50872
4101 16230 22275
4201 35480 40187
4301 51755 96311
4401 44531 79222
4501 19949 38257
4601 89657 89911
4701 8720 72645
4801 51081 95388
4901 749 49579
5001 12272 48452
5101 67767 71175
5201 9290 87366
5301 66505 93008
5401 24619 31102
5501 7664 69990
5601 6363 9101
5701 26501 80383
5801 18472 50756
5901 22513 30691
6001 68325 80521
6101 31245 66126
6201 52450 55298
6301 34723 59689
6401 22777 83934
6501 21848 30628
6601 77588 93452
6701 37763 82824
6801 25260 73486
6901 7788 18632
7001 54026 79824
7101 19671 63073
7201 71532 75201
7301 4741 33058
7401 4071 84056
7501 20200 73117
7601 35486 75720
7701 11460 44257
7801 22132 46114
7901 3101 83060
8001 3126 40271
8101 69118 94856
8201 30608 99565
8301 55684 56386
8401 67294 98857
8501 49738 72744
8601 67904 73544
8701 16562 35159
8801 30986 45255
8901 4692 48777
9001 35059 61208
9101 4477 45037
9201 16750 55041
9301 53255 89116
9401 44987 47602
9501 7204 31076
9601 35657 62510
9701 19087 34978
9801 37340 45989
9901 30115 79513
10001 56157 60451
10101 67262 93009
10201 35036 78269
10301 5619 78641
10401 2124 26037
10501 11982 45097
10601 3216 60462
10701 8453 9676
10801 54137 79035
10901 43873 57522
11001 68428 94772
11101 31101 74032
11201 5843 35214
11301 57747 64113
11401 52945 92690
11501 14338 84636
11601 3046 40164
11701 27513 99933
11801 62829 92721
11901 10948 43328
12001 44394 66554
12101 48245 63734
12201 10342 26447
12301 93223 97296
12401 12527 22349
12501 20417 36932
12601 18897 69460
12701 30450 50897
12801 81268 89064
12901 18816 72687
13001 4651 82291
13101 70000 83449
13201 2968 77318
13301 46207 80186
13401 15258 93918
13501 7089 73895
13601 18433 99207
13701 16509 37001
13801 42560 78863
13901 61962 95258
14001 18573 68301
14101 4198 97734
14201 32110 42612
14301 18718 36779
14401 52961 59913
14501 41260 56806
14601 38457 73091
14701 9278 95783
14801 70671 72595
14901 2331 12554
15001 23234 82220
15101 32756 62931
15201 15191 50937
15301 39364 79745
15401 40151 47062
15501 8423 38711
15601 16788 20886
15701 40052 95664
15801 22219 89049
15901 69467 73516
16001 77108 90011
16101 21447 26303
16201 37797 61497
16301 31794 37827
16401 28864 79682
16501 46295 52553
16601 63775 94193
16701 75292 88013
16801 8278 46181
16901 40898 45166
17001 36581 76961
17101 34336 93603
17201 13674 47426
17301 90872 93799
17401 88176 93016
17501 64778 87744
17601 1657 37321
17701 35839 96213
17801 81642 90204
17901 22040 99322
18001 48596 65567
18101 58378 69875
18201 40246 60961
18301 44439 90096
18401 24837 32093
18501 23891 97500
18601 25655 57758
18701 32902 39619
18801 44042 79109
18901 18685 72934
19001 38442 80566
19101 6240 97947
19201 17182 33138
19301 21562 40900
19401 34302 41334
19501 37027 56440
19601 55510 73639
19701 73790 74336
19801 32668 82359
19901 26203 78583
20001 57253 62666
20101 47025 85612
20201 25906 27029
20301 92668 95685
20401 30579 54247
20501 20019 51508
20601 9392 56268
20701 16523 72792
20801 41280 44536
20901 24356 26899
21001 10770 98584
21101 64205 77718
21201 11938 92230
21301 29195 69177
21401 782 61926
21501 55271 88340
21601 58397 67252
21701 38307 59797
21801 28937 29266
21901 41404 44390
22001 26042 53850
22101 39271 65577
22201 8972 17026
22301 11151 39822
22401 54337 59332
22501 8212 24498
22601 23422 73761
22701 43227 66821
22801 84883 93200
22901 32128 43612
23001 82759 99674
23101 18241 48782
23201 9941 68197
23301 3140 87240
23401 38560 51402
23501 41984 96463
23601 15417 45815
23701 2751 50141
23801 46776 48236
23901 29175 50837
24001 39910 66513
24101 1469 97011
24201 47133 68350
24301 7771 25027
24401 30373 31097
24501 4404 81780
24601 23992 44282
24701 51743 93905
24801 12220 61112
24901 11955 61973
25001 9272 63205
25101 62760 80092
25201 17507 85276
25301 34012 89017
25401 42507 76781
25501 1048 13756
25601 55866 78145
25701 19874 61796
25801 55973 84959
25901 40724 74195
26001 24882 29097
26101 25280 64886
26201 10617 83860
26301 73408 97064
26401 925 48341
26501 80543 90640
26601 83497 96993
26701 28189 41053
26801 93968 96391
26901 23502 54938
27001 39065 84968
27101 3202 87987
27201 39262 68344
27301 9765 31214
27401 24091 33006
27501 38934 52506
27601 41525 60230
27701 12190 28680
27801 56288 64603
27901 3287 69697
28001 46502 72471
28101 74523 90645
28201 4732 31167
28301 1484 65226
28401 48101 87239
28501 429 30423
28601 41423 89037
28701 11102 75996
28801 51225 51797
28901 27139 48877
29001 17521 18615
29101 80937 95444
29201 10216 10283
29301 9467 9618
29401 88800 96301
29501 68668 73212
29601 47578 98322
29701 1850 65427
29801 23245 85455
29901 23226 97694
30001 19524 35510
30101 18602 69696
30201 8156 20303
30301 44029 77973
30401 9183 56012
30501 4479 21448
30601 72176 98583
30701 42098 86426
30801 29038 77164
30901 42642 81346
31001 898 41510
31101 32023 92054
31201 14681 14935
31301 91937 98436
31401 26098 78885
31501 15463 74072
31601 51105 86741
31701 48188 73934
31801 11562 23138
31901 40447 85127
32001 4601 7568
32101 52972 55756
32201 24925 26173
32301 11721 19132
32401 34052 42375
32501 42374 60187
32601 57489 68496
32701 19046 36310
32801 49421 99832
32901 28785 74026
33001 30739 70475
33101 19046 92455
33201 70678 74823
33301 20997 49406
33401 14138 32797
33501 2991 59017
33601 67729 79442
33701 12069 37088
33801 37112 95037
33901 83102 94149
34001 51210 75823
34101 44029 44575
34201 8648 24396
34301 29656 65889
34401 65095 79337
34501 24586 53315
34601 36288 47690
34701 43826 72793
34801 83297 85152
34901 52005 82980
35001 18478 29432
35101 11700 96993
35201 81161 96371
35301 22202 59634
35401 21401 59592
35501 52752 98131
35601 28150 32147
35701 2097 44706
35801 63257 76391
35901 50776 61416
36001 11465 84365
36101 57573 58899
36201 78502 81063
36301 14167 34774
36401 65287 97011
36501 30547 87325
36601 44011 61660
36701 36326 43249
36801 7068 12054
36901 997 91813
37001 11286 76773
37101 7678 17669
37201 16584 25115
37301 50209 71969
37401 3628 69689
37501 57268 74222
37601 65126 85044
37701 60240 61752
37801 14583 75573
37901 18461 47646
38001 93595 99777
38101 47108 83933
38201 58617 75449
38301 855 25105
38401 5670 65930
38501 70527 81937
38601 24551 89601
38701 32403 98340
38801 38569 60485
38901 8700 82012
39001 32312 58184
39101 600 60483
39201 27617 58811
39301 22704 33550
39401 38778 54304
39501 32600 96200
39601 34875 63583
39701 9382 97602
39801 80318 92529
39901 50223 82606
40001 22121 61237
40101 21371 55496
40201 44020 80148
40301 73275 81401
40401 34252 78837
40501 85409 85536
40601 23565 48044
40701 23189 78155
40801 19938 61647
40901 77622 81011
41001 30969 73070
41101 49418 98606
41201 18613 59975
41301 17974 49920
41401 66366 82579
41501 29805 39910
41601 5675 88879
41701 26828 74507
41801 31366 59980
41901 74965 91148
42001 30022 67454
42101 17168 64940
42201 9317 11671
42301 58810 93299
42401 27600 53274
42501 122 21120
42601 25470 48681
42701 12919 16392
42801 59368 70632
42901 30165 84508
43001 687 91607
43101 39011 95928
43201 28230 82180
43301 30139 91998
43401 9586 48002
43501 31262 51196
43601 49035 84386
43701 408 88457
43801 71135 95763
43901 43485 66986
44001 28338 74432
44101 26114 68325
44201 26674 51719
44301 3988 99753
44401 2699 64457
44501 31093 63056
44601 67894 78929
44701 37622 42914
44801 1733 60000
44901 46002 77749
45001 23286 26580
45101 93642 99726
45201 10529 79420
45301 32863 78639
45401 84808 93078
45501 35242 84106
45601 6748 50297
45701 20489 85512
45801 36499 54634
45901 84166 91889
46001 56728 71579
46101 73548 97715
46201 16640 71519
46301 2547 4353
46401 70315 94104
46501 18553 26426
46601 19700 22408
46701 73393 78218
46801 39052 97795
46901 4885 30285
47001 40506 94064
47101 47265 60365
47201 23334 55801
47301 45864 55899
47401 85287 99313
47501 43592 95390
47601 49339 93257
47701 45481 59621
47801 45780 87970
47901 65126 89355
48001 32718 77371
48101 38924 58083
48201 9430 27933
48301 24539 96139
48401 59562 93845
48501 38321 68724
48601 42846 81980
48701 247 75960
48801 11493 96515
48901 23187 40985
49001 11048 16075
49101 14296 86422
49201 66252 67281
49301 9458 38134
49401 7227 7883
49501 34571 87428
49601 65318 96676
49701 2044 79734
49801 84538 87118
49901 4241 64899
50001 53192 74543
50101 29052 84414
50201 3109 18769
50301 74756 94133
50401 60030 69492
50501 61984 77359
50601 51379 86271
50701 42346 51764
50801 11664 86057
50901 57558 86735
51001 9374 51879
51101 70722 79829
51201 62893 85635
51301 31832 71626
51401 57887 66188
51501 75712 99029
51601 62413 81244
51701 24289 25163
51801 60522 90768
51901 41192 73207
52001 34575 48640
52101 25033 33987
52201 92824 95132
52301 25933 26964
52401 15352 58336
52501 5443 10406
52601 18619 19920
52701 58954 88584
52801 52560 99249
52901 64026 75737
53001 55095 63367
53101 39772 96032
53201 12689 58658
53301 78744 83327
53401 488 97293
53501 38650 94308
53601 2246 91803
53701 95668 98223
53801 7210 24499
53901 7566 36389
54001 14146 67988
54101 1951 84187
54201 4497 46327
54301 29017 42264
54401 52884 60065
54501 12863 84779
54601 652 4484
54701 38642 41879
54801 91396 93503
54901 78219 90185
55001 51045 73578
55101 38135 82935
55201 12575 35305
55301 1966 87202
55401 55186 67087
55501 81157 82621
55601 22643 96441
55701 28812 71064
55801 15920 95745
55901 20103 22446
56001 34990 46172
56101 72741 82631
56201 79938 93109
56301 66145 93274
56401 58691 82094
56501 28338 44299
56601 68153 68788
56701 23740 52757
56801 30313 44745
56901 21058 43401
57001 20659 27985
57101 25832 65205
57201 57718 98617
57301 30594 98734
57401 7937 71098
57501 72886 73317
57601 27077 86168
57701 38182 59868
57801 65010 66693
57901 68217 85520
58001 2192 59955
58101 12266 35983
58201 1459 69150
58301 52204 63018
58401 57840 92313
58501 33918 45156
58601 23566 61131
58701 68226 99916
58801 55271 98253
58901 36578 47021
59001 33817 72331
59101 46323 78787
59201 31301 72541
59301 2549 12844
59401 20321 67065
59501 91689 94059
59601 26875 43489
59701 3782 58873
59801 7996 31553
59901 42549 84357
60001 26065 26092
60101 87553 88434
60201 1304 5072
60301 14435 57071
60401 57550 68129
60501 15695 76679
60601 33087 87216
60701 5555 28001
60801 55432 98865
60901 4924 17921
61001 36411 73636
61101 3702 44941
61201 25759 53235
61301 4940 99879
61401 29990 77803
61501 3592 85686
61601 5672 95287
61701 75133 76309
61801 35601 92264
61901 64077 97723
62001 21955 99061
62101 6312 19317
62201 4468 21141
62301 49621 94356
62401 41534 72904
62501 10094 62409
62601 2882 70372
62701 35371 84328
62801 53556 95084
62901 59017 90189
63001 7311 90455
63101 64281 97656
63201 42529 96994
63301 63697 80597
63401 44423 66428
63501 22325 64894
63601 41848 78936
63701 20522 43818
63801 43341 88427
63901 5762 15011
64001 25014 36320
64101 45590 91050
64201 67386 68172
64301 16675 70414
64401 8848 53609
64501 46016 87661
64601 75403 85679
64701 18465 56328
64801 831 70011
64901 19770 26519
65001 43786 84201
65101 58539 90618
65201 3401 74056
65301 91496 98171
65401 12031 91424
65501 54362 88530
65601 48313 94035
65701 28410 53923
65801 65351 93763
65901 5088 83461
66001 56648 99264
66101 66824 67818
66201 64492 75908
66301 17847 64554
66401 2436 53024
66501 57066 67371
66601 23757 99464
66701 69636 99369
66801 21121 30067
66901 7100 25024
67001 7457 14801
67101 34013 38120
67201 27832 37874
67301 63419 69221
67401 9590 38632
67501 25100 32684
67601 69625 79407
67701 37518 67257
67801 11976 58604
67901 28796 67665
68001 20890 98483
68101 68442 81096
68201 51132 91336
68301 1332 82837
68401 59204 97760
68501 21965 54025
68601 49206 61666
68701 52989 53938
68801 7284 68351
68901 44294 48765
69001 28809 31316
69101 55100 96389
69201 30779 64294
69301 5076 90164
69401 26719 85976
69501 31112 35021
69601 33132 73584
69701 143 49600
69801 22669 66412
69901 30798 87965
70001 21764 34152
70101 1872 19023
70201 25552 83782
70301 20011 62221
70401 17894 68269
70501 63619 87318
70601 36175 46156
70701 9032 51307
70801 12172 99303
70901 65602 73936
71001 44535 52467
71101 3928 60501
71201 38549 73997
71301 35217 37378
71401 9449 24764
71501 15013 98651
71601 20098 24677
71701 6940 97326
71801 22741 51916
71901 43819 64488
72001 78152 96486
72101 40939 64753
72201 4153 59574
72301 4567 66090
72401 23760 88811
72501 25358 37985
72601 30306 77615
72701 12261 82636
72801 12306 77313
72901 65271 90826
73001 32625 88343
73101 31455 72394
73201 36744 48284
73301 715 18592
73401 63292 71625
73501 9439 60211
73601 10748 20945
73701 18806 60255
73801 41259 67225
73901 28137 74132
74001 20776 27882
74101 6351 99962
74201 77276 98603
74301 14036 88115
74401 85744 92937
74501 8926 50903
74601 22348 42288
74701 24685 79436
74801 42698 44623
74901 27581 61008
75001 23546 55564
75101 34774 94911
75201 39396 90707
75301 78381 99600
75401 46032 82477
75501 16041 97221
75601 50507 61085
75701 66404 76144
75801 16424 32398
75901 29005 80309
76001 1578 94158
76101 30196 65794
76201 12550 50229
76301 25633 39527
76401 57862 93657
76501 32312 37965
76601 4869 11501
76701 62589 80495
76801 18779 26630
76901 12155 39936
77001 2483 24876
77101 63273 75892
77201 45788 75654
77301 37839 62311
77401 9305 53700
77501 58756 90146
77601 29628 42494
77701 40796 57345
77801 25933 79112
77901 29060 78554
78001 17212 19419
78101 41241 72210
78201 39293 87458
78301 65346 78350
78401 25782 35964
78501 29532 94033
78601 1047 21487
78701 70217 88508
78801 45335 99139
78901 25208 49546
79001 64722 73614
79101 23217 49347
79201 71683 72147
79301 29314 50230
79401 37814 47631
79501 28146 42328
79601 35596 65582
79701 13914 24128
79801 32282 84990
79901 9159 15127
80001 13379 56240
80101 1515 91709
80201 8692 52428
80301 14774 73222
80401 483 82279
80501 19818 87432
80601 151 78178
80701 21877 26265
80801 7714 19381
80901 43220 93970
81001 42569 97365
81101 47180 59758
81201 55695 66140
81301 80590 91949
81401 59270 69990
81501 31475 85546
81601 5358 84833
81701 53618 60792
81801 4321 73163
81901 47929 92847
82001 23539 73039
82101 8872 77675
82201 30798 83606
82301 25695 69462
82401 44984 74047
82501 28582 45573
82601 11655 61206
82701 89187 98055
82801 36910 49409
82901 46732 86221
83001 25212 37624
83101 27239 37990
83201 68764 72921
83301 86982 99521
83401 17631 72985
83501 41165 93078
83601 2310 9282
83701 11684 14178
83801 37920 75462
83901 42693 75494
84001 38826 68109
84101 58013 74724
84201 9828 85438
84301 55009 60237
84401 56235 57307
84501 73674 77013
84601 3608 60175
84701 11385 67537
84801 18852 34726
84901 20628 31716
85001 7574 42780
85101 23598 89075
85201 14635 95440
85301 19090 51595
85401 41655 93093
85501 41767 44675
85601 31210 61307
85701 24898 66508
85801 48944 85727
85901 32016 63902
86001 6607 44045
86101 9866 49274
86201 18317 49455
86301 2789 37786
86401 24126 65744
86501 12563 70973
86601 44217 48173
86701 43494 57549
86801 35672 96536
86901 26582 86318
87001 26597 70539
87101 47231 65003
87201 59310 73453
87301 29953 37763
87401 50627 94842
87501 45985 59301
87601 51332 96694
87701 30051 81776
87801 73605 74657
87901 28409 80388
88001 32734 48499
88101 3413 20565
88201 55640 80463
88301 51818 79163
88401 37331 48508
88501 8773 58972
88601 45399 84054
88701 8875 83405
88801 36427 53551
88901 3193 37940
89001 3747 20449
89101 41449 67020
89201 54251 66276
89301 19428 38205
89401 40434 73293
89501 10477 84641
89601 13094 53640
89701 9372 98557
89801 7327 72928
89901 33915 64797
90001 42109 55042
90101 94364 94659
90201 51454 63760
90301 42893 99928
90401 66657 69442
90501 1364 91939
90601 17920 60344
90701 44464 69492
90801 46931 87577
90901 37873 55995
91001 39147 49445
91101 56952 62608
91201 35144 39503
91301 53222 85690
91401 40319 55806
91501 2384 87501
91601 1036 67916
91701 78794 83770
91801 47636 72605
91901 50873 84484
92001 11139 31728
92101 4282 95701
92201 39260 41202
92301 23785 47918
92401 70763 78687
92501 29535 69881
92601 53822 62085
92701 27957 78015
92801 26267 53180
92901 4754 86408
93001 9940 25420
93101 31178 95189
93201 66532 74929
93301 398 72031
93401 23175 48561
93501 35773 41554
93601 7568 43382
93701 89376 91694
93801 6649 20517
93901 18633 55336
94001 2935 64509
94101 63656 71851
94201 66999 76526
94301 16217 98287
94401 59 29951
94501 30118 78899
94601 16323 74896
94701 30526 31407
94801 62597 70869
94901 38496 76638
95001 56132 73740
95101 27408 55948
95201 44681 65933
95301 29356 71373
95401 22876 44079
95501 41243 80181
95601 77207 91852
95701 37035 49731
95801 73190 99984
95901 95073 98877
96001 68913 86712
96101 90554 93757
96201 62196 91542
96301 18215 22298
96401 71561 83335
96501 62076 90817
96601 4235 78242
96701 95566 96860
96801 17448 91734
96901 28645 90636
97001 20110 76582
97101 52439 66337
97201 43442 60979
97301 42162 80691
97401 59801 72849
97501 23856 91824
97601 71588 75437
97701 47830 97948
97801 11218 97844
97901 8433 73787
98001 96127 99882
98101 42919 94718
98201 68099 79790
98301 26344 68590
98401 7567 65762
98501 61529 69457
98601 41069 64976
98701 7114 95857
98801 5814 59176
98901 37482 49604
99001 18701 40495
99101 41617 51601
99201 32066 35296
99301 41321 89142
99401 53071 63841
99501 10739 15728
99601 15597 90934
99701 92518 93881
99801 44656 82672
99901 39932 64838
