1000
1 23448 95584
101 40340 81230
201 5066 67300
301 35118 49434
401 56414 93949
501 52090 75171
601 1809 3506
701 31588 93708
801 92 51806
901 357 14599
1001 27318 66467
1101 46293 88572
1201 21525 32327
1301 81864 84115
1401 45324 55466
1501 1350 86060
1601 3530 56994
1701 54101 66288
1801 13889 91381
1901 2999 49091
2001 46804 66950
2101 42342 61697
2201 62458 77231
2301 50491 71077
2401 12481 33528
2501 59976 69635
2601 16106 16506
2701 8971 50273
2801 16146 56759
2901 15166 24513
3001 18337 71251
3101 27345 30858
3201 29506 31424
3301 42112 42302
3401 36484 41222
3501 16926 43134
3601 38285 50784
3701 20792 84923
3801 51703 57523
3901 25193 47059
4001 66100 85602
4101 3353 9784
4201 38822 52497
4301 28530 44915
4401 20825 77985
4501 38207 66750
4601 7741 90690
4701 26689 45257
4801 23299 71219
4901 21360 89742
5001 80605 84621
5101 27660 62678
5201 8269 23995
5301 37060 56124
5401 45715 46945
5501 15589 51893
5601 69833 83108
5701 12948 14657
5801 60583 78051
5901 36389 57356
6001 32381 73465
6101 33528 46949
6201 11272 57348
6301 23001 47902
6401 36237 64290
6501 87961 94061
6601 25832 26042
6701 51485 85810
6801 11474 55024
6901 7954 98258
7001 55926 66751
7101 41437 63446
7201 51548 98359
7301 13511 69015
7401 15808 71463
7501 47088 88406
7601 46014 88239
7701 10914 49733
7801 2240 99067
7901 32763 84979
8001 1482 96251
8101 62836 68914
8201 29563 53623
8301 38099 94412
8401 37324 90211
8501 33365 63757
8601 14609 69739
8701 64635 85869
8801 83117 87056
8901 5729 29661
9001 40266 66116
9101 18848 47924
9201 43519 46028
9301 63676 89393
9401 59984 91680
9501 70321 71198
9601 46704 48156
9701 56600 57950
9801 28329 95671
9901 32521 58928
10001 5557 19940
10101 51726 86895
10201 4300 18362
10301 21859 77176
10401 7068 90365
10501 26418 93795
10601 67108 72762
10701 17566 55448
10801 49318 83504
10901 9542 83631
11001 15164 31029
11101 54742 66926
11201 54965 85560
11301 63206 68717
11401 69033 76652
11501 4079 38765
11601 18036 54275
11701 56775 63895
11801 22530 67528
11901 53935 62851
12001 62196 64620
12101 60041 95588
12201 46586 89843
12301 69155 98034
12401 1105 57081
12501 26514 47989
12601 24804 89467
12701 58496 82961
12801 45267 53320
12901 7325 61215
13001 74932 96074
13101 5142 83310
13201 24481 97381
13301 70404 74387
13401 31036 93640
13501 42940 74979
13601 69551 83880
13701 41658 95918
13801 3698 79681
13901 17311 60527
14001 25673 37142
14101 12248 80711
14201 18423 96786
14301 7491 40389
14401 591 43360
14501 6046 7162
14601 20923 97623
14701 69809 88556
14801 53788 80857
14901 5692 93276
15001 37610 51838
15101 44094 93770
15201 55022 84342
15301 41628 97852
15401 1230 8616
15501 50015 96090
15601 49761 94045
15701 1145 80268
15801 38233 72094
15901 12831 91547
16001 55077 87484
16101 42196 59853
16201 1797 21206
16301 3711 66468
16401 1342 83275
16501 19388 73564
16601 30747 34161
16701 61055 77130
16801 39598 55354
16901 8768 98835
17001 21816 80410
17101 27503 59372
17201 41103 42578
17301 65752 68495
17401 14037 16981
17501 66170 90977
17601 91652 95864
17701 554 1070
17801 25333 37602
17901 31048 67811
18001 49702 88046
18101 20033 37164
18201 38240 45263
18301 5531 37777
18401 6246 85068
18501 32752 88784
18601 16893 16962
18701 19901 46504
18801 28466 44674
18901 8619 66433
19001 13724 81476
19101 2340 33907
19201 11171 28037
19301 60459 90269
19401 84308 86136
19501 75727 98328
19601 4722 9639
19701 73308 83253
19801 60288 83959
19901 82808 84988
20001 14181 30925
20101 6514 74696
20201 14598 26030
20301 13742 29985
20401 48742 74050
20501 26799 37389
20601 63005 67113
20701 67771 77510
20801 55911 56386
20901 31631 64178
21001 26280 64727
21101 19974 74193
21201 2639 17826
21301 29751 59678
21401 66588 79257
21501 47386 63875
21601 34216 34511
21701 28085 39887
21801 43383 95094
21901 78057 90607
22001 61171 80218
22101 11016 39591
22201 8301 73807
22301 79649 85220
22401 85163 85707
22501 57873 62090
22601 2248 51360
22701 2692 37965
22801 15506 94855
22901 16618 32040
23001 17796 82366
23101 5163 22342
23201 22683 31824
23301 12920 69423
23401 13269 24954
23501 61706 79171
23601 29370 71495
23701 39542 65211
23801 25774 27292
23901 58683 61680
24001 14360 48653
24101 10392 53256
24201 28088 96312
24301 61548 78002
24401 35449 84582
24501 27077 30644
24601 20875 90734
24701 88148 89277
24801 2244 42846
24901 2057 34754
25001 58335 75045
25101 44654 49008
25201 8014 34717
25301 74590 89793
25401 26327 50374
25501 41304 91680
25601 51423 80581
25701 10470 83210
25801 48368 83793
25901 73543 85652
26001 8339 48829
26101 11668 90163
26201 40677 58552
26301 30779 79316
26401 31589 63404
26501 7779 51446
26601 13926 67174
26701 48733 95329
26801 63379 78790
26901 5193 79733
27001 40514 57191
27101 45485 96816
27201 34606 70045
27301 33800 59332
27401 29024 90902
27501 60226 88324
27601 39062 59040
27701 82518 91093
27801 45633 83312
27901 46073 47455
28001 5828 10173
28101 25362 96940
28201 6199 18218
28301 6190 52990
28401 41045 45696
28501 26254 44360
28601 9568 60250
28701 10389 70300
28801 73297 93517
28901 34167 41582
29001 28852 89634
29101 2544 65744
29201 29606 62096
29301 12544 69547
29401 13391 65224
29501 59235 71140
29601 61219 80455
29701 27867 93692
29801 51313 89918
29901 54867 80585
30001 15112 47788
30101 9732 72049
30201 507 5145
30301 654 76004
30401 55283 58003
30501 10791 46885
30601 26308 89651
30701 79150 81258
30801 3796 14950
30901 47511 60884
31001 7736 39215
31101 23679 24129
31201 34283 62924
31301 48576 75999
31401 40624 76029
31501 6358 12071
31601 39206 89322
31701 28684 30979
31801 21682 76978
31901 19181 32361
32001 16439 40962
32101 75515 91077
32201 42379 73559
32301 45873 65681
32401 10896 89641
32501 68659 81805
32601 15283 61091
32701 25354 75223
32801 5825 92990
32901 69852 73480
33001 8479 95885
33101 55153 58048
33201 31304 37510
33301 88075 94407
33401 201 77889
33501 21784 69783
33601 19315 55032
33701 35977 87552
33801 11955 44142
33901 41796 99574
34001 39632 47320
34101 746 21909
34201 62044 69507
34301 2573 28883
34401 33577 43528
34501 29312 80390
34601 77828 90348
34701 1920 77807
34801 3978 91344
34901 7710 73818
35001 34470 96514
35101 27690 32503
35201 4731 65070
35301 31913 85208
35401 16209 61240
35501 42302 69139
35601 46196 91376
35701 8579 59905
35801 33425 43227
35901 858 92170
36001 41664 85768
36101 18329 20745
36201 33384 53148
36301 37669 59314
36401 12003 85740
36501 2384 72369
36601 69362 78212
36701 7876 12063
36801 58308 63409
36901 80813 85223
37001 14866 29522
37101 33098 94869
37201 30195 54834
37301 15409 52013
37401 19927 79395
37501 10425 67916
37601 13149 59910
37701 2206 4989
37801 55240 60700
37901 1430 88588
38001 66542 78982
38101 40060 50248
38201 47344 81777
38301 17036 42533
38401 78399 87443
38501 29514 66063
38601 26386 56815
38701 43376 65891
38801 39377 55199
38901 14121 80732
39001 72000 72960
39101 37902 83632
39201 87943 95182
39301 66470 83248
39401 23150 28918
39501 7475 38515
39601 21925 60799
39701 34882 37286
39801 325 76077
39901 7130 13623
40001 8519 10640
40101 3327 22731
40201 40499 60743
40301 76520 99950
40401 18902 65680
40501 73257 89057
40601 43293 66574
40701 38826 73390
40801 13563 26842
40901 49658 62485
41001 49973 67315
41101 15051 48900
41201 32461 56269
41301 12000 58913
41401 90920 91783
41501 26309 43024
41601 67179 75965
41701 72551 73676
41801 29932 34498
41901 9994 77596
42001 34107 63980
42101 30735 49895
42201 55889 94294
42301 72312 80902
42401 46231 71049
42501 37657 94443
42601 84481 91454
42701 28606 83383
42801 36330 86187
42901 12255 66214
43001 67602 99982
43101 27773 51246
43201 4332 14829
43301 15178 28230
43401 26012 88627
43501 15209 58857
43601 12673 22928
43701 43206 97006
43801 52312 71454
43901 32399 83027
44001 56674 85858
44101 6605 12351
44201 90984 96738
44301 50317 99834
44401 22196 23221
44501 8341 45974
44601 40236 88492
44701 14784 28011
44801 66633 87471
44901 73257 79693
45001 856 81588
45101 40579 90436
45201 71008 85394
45301 17908 77489
45401 1764 98870
45501 65684 82756
45601 30592 43277
45701 5637 47780
45801 15389 23042
45901 39334 46780
46001 35305 58266
46101 5063 56015
46201 28914 95874
46301 23234 46208
46401 46315 69672
46501 739 78401
46601 78828 99274
46701 6142 98728
46801 30775 71318
46901 44759 93777
47001 70545 93453
47101 60315 97015
47201 50435 72205
47301 6663 15980
47401 38654 40689
47501 34208 50017
47601 16165 82515
47701 39016 94047
47801 37919 83692
47901 24377 34613
48001 85465 90040
48101 72027 93943
48201 30737 50035
48301 63170 70394
48401 37851 70744
48501 6788 18973
48601 43088 75364
48701 10985 20914
48801 41420 64332
48901 79930 86091
49001 48116 68728
49101 76771 90932
49201 3458 64624
49301 11313 82251
49401 69905 74658
49501 25033 72503
49601 70235 98282
49701 43394 73978
49801 57066 71425
49901 31336 45128
50001 4169 98441
50101 36405 49289
50201 61761 78027
50301 19708 91460
50401 32678 80780
50501 38525 66531
50601 48226 57575
50701 58832 74870
50801 18896 21922
50901 38614 69346
51001 35162 72261
51101 6921 97953
51201 11187 45940
51301 60804 97744
51401 3979 12428
51501 23689 80171
51601 65108 90438
51701 10279 40481
51801 14762 33187
51901 35227 91408
52001 44098 71777
52101 47947 51427
52201 23898 87415
52301 11386 30890
52401 16042 25240
52501 4454 38020
52601 8578 61834
52701 48330 62351
52801 36544 70923
52901 35058 82138
53001 91224 92850
53101 52283 93497
53201 17516 81753
53301 47028 87631
53401 39858 40860
53501 43967 55589
53601 94895 99843
53701 50398 53082
53801 3497 7365
53901 81629 88129
54001 55698 72662
54101 23642 68589
54201 63764 97086
54301 29896 85079
54401 44025 53306
54501 9651 67324
54601 36232 56426
54701 22561 66479
54801 34394 51950
54901 23010 60313
55001 69443 74690
55101 25146 25503
55201 42892 50518
55301 33411 77246
55401 24961 61851
55501 35002 44192
55601 47016 54648
55701 30489 63781
55801 12917 61470
55901 11658 65951
56001 32842 42239
56101 5721 98567
56201 51750 73778
56301 82285 98642
56401 17641 54346
56501 32077 93453
56601 34845 90301
56701 56814 70527
56801 9779 59005
56901 66114 97083
57001 28981 61053
57101 65721 82912
57201 3870 5531
57301 10208 16859
57401 12601 55871
57501 2919 53443
57601 41795 94418
57701 3659 40097
57801 4860 85081
57901 527 44548
58001 76580 89739
58101 832 96682
58201 1370 94801
58301 56323 70190
58401 40959 75635
58501 90225 91110
58601 65669 73388
58701 13148 97694
58801 15978 85840
58901 52915 76413
59001 15574 71500
59101 36858 72180
59201 30043 86985
59301 5280 25971
59401 52126 81826
59501 53355 78124
59601 22734 82423
59701 7012 18183
59801 834 87091
59901 56548 92289
60001 34324 95130
60101 71553 74785
60201 45154 51686
60301 43357 95679
60401 62428 73558
60501 58876 95107
60601 6312 8691
60701 15085 29358
60801 68658 82768
60901 16579 53361
61001 10383 11919
61101 251 70391
61201 46786 96490
61301 31765 34400
61401 21763 72166
61501 9623 33536
61601 17858 65692
61701 24809 34245
61801 26509 27822
61901 52111 54386
62001 47063 79497
62101 19068 89597
62201 34477 74568
62301 5646 19740
62401 275 34644
62501 39199 77152
62601 45198 81566
62701 19696 80416
62801 42495 53601
62901 628 59587
63001 32055 96543
63101 22404 67308
63201 14794 51561
63301 83998 90878
63401 35013 48831
63501 50045 73320
63601 25785 74238
63701 12502 67807
63801 11623 95170
63901 1855 3350
64001 18214 52327
64101 51932 62363
64201 32966 85918
64301 30551 92176
64401 51177 56261
64501 60435 73643
64601 89944 99348
64701 3113 84280
64801 16890 56755
64901 35513 98807
65001 71443 80969
65101 55730 94590
65201 44921 96901
65301 32056 64213
65401 28808 79074
65501 6695 34768
65601 68746 80137
65701 30290 96939
65801 41999 60827
65901 4252 18493
66001 9347 35435
66101 22315 25277
66201 24782 89966
66301 59062 61751
66401 31222 74833
66501 5764 95678
66601 31756 63183
66701 75456 89545
66801 8496 28028
66901 82826 84189
67001 42508 68963
67101 1206 12523
67201 16081 91721
67301 85742 92449
67401 56529 66291
67501 23059 58655
67601 32247 89468
67701 47833 56332
67801 32633 88161
67901 29970 35927
68001 62633 96865
68101 61856 69438
68201 34944 84606
68301 20296 80187
68401 12659 64063
68501 28766 36823
68601 2895 91915
68701 23600 99491
68801 14690 71948
68901 3405 4563
69001 17951 35005
69101 25453 48732
69201 3196 85202
69301 20935 58581
69401 70292 76743
69501 46323 75227
69601 702 95012
69701 12486 12565
69801 65383 99409
69901 44132 60266
70001 50656 98012
70101 17081 52246
70201 38895 96634
70301 83329 85253
70401 27884 91688
70501 32343 36925
70601 21806 27648
70701 68494 89055
70801 56116 62250
70901 64117 97197
71001 71157 95124
71101 7104 92050
71201 59550 90012
71301 20722 41665
71401 65679 97799
71501 45514 53137
71601 3401 4728
71701 67824 94349
71801 58972 94005
71901 40743 59561
72001 64444 66899
72101 16109 32911
72201 24569 62018
72301 61546 91311
72401 7561 75170
72501 52020 59819
72601 49376 73740
72701 12067 80438
72801 18652 52873
72901 12898 16107
73001 25184 48612
73101 73262 89231
73201 17141 54405
73301 810 81951
73401 34500 95934
73501 50529 71704
73601 45138 48391
73701 27438 60906
73801 28438 69975
73901 13764 51906
74001 20733 68932
74101 52590 87051
74201 2782 5575
74301 37073 60607
74401 26081 39126
74501 30946 77670
74601 47849 94677
74701 32172 57668
74801 53206 87862
74901 56238 88997
75001 60779 98866
75101 11213 50842
75201 32856 72478
75301 77555 78353
75401 10005 75602
75501 681 28371
75601 6252 69130
75701 26899 27377
75801 19614 89354
75901 11479 89205
76001 57216 66455
76101 43639 64549
76201 78914 98660
76301 21306 92216
76401 40933 50890
76501 70732 96659
76601 913 30894
76701 6383 94834
76801 27849 85471
76901 36814 60268
77001 73578 95669
77101 76798 82228
77201 67996 80951
77301 82663 99631
77401 15193 28841
77501 10555 34795
77601 44805 61713
77701 39572 47372
77801 35077 87747
77901 17199 59950
78001 7625 79820
78101 38958 89650
78201 90269 94234
78301 47992 88827
78401 19061 66374
78501 22881 50636
78601 60427 95937
78701 30728 86596
78801 35209 65613
78901 14457 81232
79001 10793 19867
79101 6582 73165
79201 30177 73884
79301 17785 24566
79401 10857 73256
79501 66512 88375
79601 9586 38128
79701 9301 62524
79801 30666 88641
79901 40018 93877
80001 4624 23335
80101 2344 29473
80201 80544 94960
80301 12853 23949
80401 25334 60272
80501 5661 27813
80601 9047 28903
80701 25401 29203
80801 14610 97410
80901 8986 41746
81001 22232 71701
81101 33427 94405
81201 67088 95486
81301 32632 50507
81401 25775 87168
81501 64356 94718
81601 66367 69481
81701 55301 95887
81801 84841 88061
81901 33625 42808
82001 83927 96450
82101 28998 63539
82201 19738 87754
82301 37069 59771
82401 12428 35942
82501 8874 28998
82601 9814 67066
82701 62524 75012
82801 50434 79742
82901 14541 19452
83001 11495 46177
83101 21429 75448
83201 20898 82072
83301 12743 93418
83401 35393 60244
83501 48151 93871
83601 64902 66233
83701 11279 43955
83801 60336 80670
83901 59915 81353
84001 26126 97962
84101 20471 83002
84201 62972 99352
84301 44939 63262
84401 20518 86604
84501 23474 45146
84601 40399 51045
84701 44113 58454
84801 23362 34313
84901 64114 79432
85001 21618 48147
85101 1629 41023
85201 687 7269
85301 63586 96433
85401 2312 88677
85501 889 20426
85601 26129 96224
85701 45439 55996
85801 14955 18278
85901 33851 44546
86001 55441 81592
86101 25638 34364
86201 72868 88258
86301 48932 56146
86401 20856 56754
86501 70755 83860
86601 37878 43848
86701 22660 54532
86801 581 19750
86901 41456 41629
87001 22446 84289
87101 30532 33080
87201 77388 97962
87301 39510 81458
87401 57283 68318
87501 37937 47380
87601 19080 84998
87701 2667 54082
87801 27132 83313
87901 12707 27383
88001 51684 74721
88101 55151 99353
88201 17365 84530
88301 43809 87216
88401 37706 79063
88501 40511 55998
88601 5529 83528
88701 27823 59780
88801 50973 88527
88901 37099 87610
89001 15985 87399
89101 31359 43741
89201 7627 46307
89301 5316 58229
89401 32380 33553
89501 52950 85815
89601 8533 44671
89701 50506 51169
89801 5916 62682
89901 75667 89734
90001 55248 70045
90101 93433 94379
90201 2557 63846
90301 5094 92021
90401 51979 59834
90501 6226 67338
90601 2734 72138
90701 7022 41071
90801 17798 44732
90901 50696 67494
91001 21559 41242
91101 4047 59690
91201 23529 74891
91301 32771 88596
91401 51463 91747
91501 18189 74330
91601 12692 27428
91701 41966 67301
91801 46146 77145
91901 44854 87664
92001 89211 90402
92101 15533 26432
92201 1713 58388
92301 30693 68327
92401 2493 14136
92501 5182 66229
92601 44448 99891
92701 25894 47002
92801 40338 52969
92901 1649 86579
93001 22661 55898
93101 19668 97597
93201 13271 40516
93301 6596 88436
93401 36700 92784
93501 7912 83654
93601 18515 70572
93701 2247 98192
93801 7721 42979
93901 49814 85797
94001 15944 35348
94101 38200 56046
94201 75470 91938
94301 61670 71830
94401 909 96333
94501 4272 71475
94601 22053 89058
94701 419 44534
94801 64860 99817
94901 36573 44487
95001 1251 77690
95101 37190 91872
95201 32982 53883
95301 13021 69162
95401 45309 71872
95501 1686 78531
95601 26773 68733
95701 4621 95589
95801 35657 63257
95901 17424 96943
96001 9274 98375
96101 18257 27462
96201 12504 90083
96301 57612 95724
96401 15237 43309
96501 45604 74016
96601 34680 52652
96701 5205 7267
96801 19584 99363
96901 45262 95021
97001 35829 76761
97101 35387 43148
97201 37922 63604
97301 19553 44990
97401 2491 48440
97501 15894 83334
97601 77415 91893
97701 19780 38535
97801 46868 68935
97901 28602 44140
98001 13330 94194
98101 72106 72696
98201 16401 89062
98301 14262 71929
98401 3797 78117
98501 2830 11412
98601 12188 56365
98701 56910 74568
98801 34314 92075
98901 7656 20647
99001 63182 98210
99101 18000 45549
99201 165 18691
99301 169 74104
99401 4612 37644
99501 64056 84304
99601 26524 67638
99701 13247 90338
99801 53090 92603
99901 25248 47868
