1000
1 51792 96141
101 5454 44203
201 499 27979
301 3908 16221
401 23494 66462
501 39711 40923
601 20500 21333
701 77096 92714
801 54647 93731
901 10402 48546
1001 860 55782
1101 8305 87061
1201 20789 74774
1301 38486 53269
1401 9557 61033
1501 51356 84736
1601 11356 97452
1701 48103 73955
1801 7549 40015
1901 59482 64036
2001 39741 90604
2101 16980 79596
2201 62963 74365
2301 7778 11567
2401 6862 72956
2501 8828 34087
2601 40352 67562
2701 13274 78890
2801 47112 99678
2901 43683 78042
3001 16892 25937
3101 23621 52731
3201 29699 33166
3301 26463 74724
3401 61583 70302
3501 56727 77953
3601 9568 99355
3701 14632 42943
3801 14952 75323
3901 4307 48135
4001 4373 49290
4101 25815 98294
4201 22086 63453
4301 23703 51841
4401 34101 57868
4501 38776 52956
4601 60217 63473
4701 12989 24542
4801 27389 55507
4901 10372 78081
5001 60691 83793
5101 74461 76420
5201 48478 87700
5301 84723 92856
5401 28678 79037
5501 22266 42742
5601 27234 49640
5701 41439 95267
5801 10826 45882
5901 18453 39173
6001 15546 33445
6101 9110 38885
6201 88544 99152
6301 7467 41280
6401 6363 87700
6501 31061 84462
6601 8993 44328
6701 397 72910
6801 3307 72111
6901 39639 61629
7001 43955 99474
7101 4079 9243
7201 4587 17981
7301 8358 56954
7401 19479 91830
7501 58591 83926
7601 12132 27187
7701 44141 47130
7801 6781 65975
7901 7258 32401
8001 71422 97624
8101 21358 27485
8201 38919 53763
8301 79631 97190
8401 12703 16883
8501 94396 94947
8601 7450 15465
8701 6990 54197
8801 13684 13941
8901 45030 45134
9001 41978 46231
9101 3583 77511
9201 2203 35719
9301 54199 72825
9401 41837 54757
9501 90506 97167
9601 859 85291
9701 8776 59977
9801 16602 96546
9901 78687 93983
10001 70395 91528
10101 73694 96732
10201 52921 75940
10301 42706 95059
10401 68871 86860
10501 60732 71441
10601 20511 92840
10701 70232 93137
10801 2312 80816
10901 16793 86068
11001 13596 34426
11101 10164 60217
11201 11029 60510
11301 74659 86260
11401 9252 45875
11501 51959 74317
11601 71507 93861
11701 16201 88349
11801 57340 76145
11901 45326 64840
12001 43348 95434
12101 25669 87598
12201 32607 51400
12301 3683 92979
12401 34265 60753
12501 6624 8527
12601 98201 99977
12701 1161 83898
12801 4721 90344
12901 34064 51230
13001 30643 32886
13101 28643 72719
13201 36173 67876
13301 81846 83219
13401 21226 36867
13501 21686 88455
13601 4100 7277
13701 18199 92046
13801 37822 97627
13901 21773 40862
14001 5433 57380
14101 3980 30930
14201 18462 61512
14301 28118 65008
14401 13427 29978
14501 16640 64861
14601 13849 88309
14701 28409 98132
14801 5444 22699
14901 55989 78779
15001 55379 79931
15101 33683 47338
15201 97022 97414
15301 22955 58986
15401 2739 40693
15501 76817 91422
15601 74248 83665
15701 32 81437
15801 57417 96060
15901 53126 68457
16001 68461 70637
16101 24560 39894
16201 26766 63378
16301 4810 92507
16401 47472 60752
16501 45782 71256
16601 23433 87750
16701 22769 47451
16801 10845 66209
16901 8751 61592
17001 34413 80776
17101 64920 72780
17201 22487 22957
17301 12548 22943
17401 66771 71121
17501 20277 94069
17601 35360 49591
17701 34497 86162
17801 843 54121
17901 9875 45219
18001 19162 87571
18101 2689 61413
18201 63897 68950
18301 59489 95605
18401 85034 90414
18501 30324 30889
18601 38704 74777
18701 64888 85212
18801 62194 63825
18901 48617 58510
19001 56983 79955
19101 32839 62654
19201 72076 79902
19301 22138 73754
19401 35376 61424
19501 48714 60297
19601 21293 39816
19701 7832 25025
19801 9779 48572
19901 2660 45216
20001 35836 98630
20101 21282 28282
20201 85131 90999
20301 76437 96533
20401 4323 41980
20501 15361 48354
20601 25337 70158
20701 22241 30651
20801 54933 78228
20901 33840 37606
21001 57274 82689
21101 58102 80631
21201 7819 90816
21301 40989 82531
21401 4093 4731
21501 49297 85118
21601 16459 75024
21701 68709 88273
21801 478 64727
21901 34463 64696
22001 56676 90286
22101 48596 66336
22201 49030 73750
22301 27087 69900
22401 49004 49221
22501 892 56651
22601 5135 81570
22701 6223 17807
22801 60079 91092
22901 38794 95881
23001 47559 52350
23101 42890 98729
23201 8694 45049
23301 71884 99021
23401 45085 91871
23501 2102 70478
23601 7552 12128
23701 41171 81191
23801 6785 39693
23901 83972 86291
24001 22748 90229
24101 16066 94945
24201 40362 59449
24301 675 87469
24401 58499 89722
24501 76988 91410
24601 48127 53278
24701 19769 35895
24801 50337 67036
24901 2505 23566
25001 32181 98898
25101 17393 82468
25201 15211 70063
25301 3208 7172
25401 36074 77833
25501 1481 4715
25601 83961 86014
25701 11585 22781
25801 9093 28965
25901 17489 54110
26001 7769 99877
26101 13370 34758
26201 52458 61624
26301 31699 35276
26401 57279 99514
26501 18060 27310
26601 29683 79475
26701 2545 64838
26801 4048 63543
26901 30982 95202
27001 61167 72117
27101 21962 69620
27201 57171 96915
27301 34542 78393
27401 26152 38311
27501 61428 85058
27601 23314 57227
27701 68036 93218
27801 1895 32645
27901 24602 32793
28001 36606 37482
28101 9148 19512
28201 47426 73430
28301 23030 36952
28401 26571 39039
28501 39225 73953
28601 4555 88167
28701 61220 76358
28801 51549 55825
28901 27678 44270
29001 6345 46454
29101 63188 86508
29201 28038 75376
29301 5206 91199
29401 9860 66379
29501 4128 69160
29601 28275 88290
29701 27188 65501
29801 17983 92123
29901 34854 51601
30001 36993 52854
30101 13500 37156
30201 16080 54730
30301 12445 81786
30401 11402 53733
30501 48425 69049
30601 49471 49522
30701 8306 38936
30801 7308 27495
30901 67681 71753
31001 21720 66765
31101 20937 89154
31201 16135 47945
31301 17667 42895
31401 11850 75570
31501 45755 80689
31601 1607 53566
31701 15733 60550
31801 58638 97776
31901 77486 86557
32001 5856 8019
32101 945 47174
32201 30255 61242
32301 30430 90056
32401 37146 64282
32501 9959 99141
32601 10132 82697
32701 61968 86897
32801 73632 99983
32901 2820 58453
33001 52850 62411
33101 901 50800
33201 65128 97399
33301 22729 69562
33401 4214 86265
33501 40904 64982
33601 49737 57649
33701 7169 8668
33801 54372 89804
33901 71223 71536
34001 32397 48591
34101 6216 79013
34201 21892 39159
34301 78556 94201
34401 5286 57067
34501 8718 48002
34601 4404 85000
34701 25138 70887
34801 75859 90845
34901 59258 85229
35001 32281 95578
35101 7865 78605
35201 25397 39152
35301 47276 77130
35401 54519 75414
35501 19530 88972
35601 80411 89660
35701 12051 51392
35801 18388 47293
35901 4908 88967
36001 47711 99175
36101 70779 78860
36201 29164 86890
36301 31635 66300
36401 8222 84608
36501 26357 56422
36601 16155 36686
36701 30572 94425
36801 32389 74434
36901 62733 64169
37001 10612 55266
37101 84000 86390
37201 55094 59976
37301 755 23468
37401 23547 51540
37501 5812 80985
37601 19400 90848
37701 45854 84488
37801 17326 28753
37901 79077 94992
38001 24438 56688
38101 78915 80688
38201 64037 66185
38301 80546 83629
38401 57268 91704
38501 58419 75133
38601 51477 57548
38701 61928 62986
38801 7806 75227
38901 32635 50860
39001 1986 47038
39101 24413 35803
39201 14798 71392
39301 8558 30246
39401 7313 25543
39501 621 70090
39601 42244 82595
39701 19491 85711
39801 17090 72989
39901 3164 4779
40001 5420 22395
40101 3946 94232
40201 50937 72616
40301 7857 43820
40401 57447 78570
40501 46507 56435
40601 5569 66709
40701 42536 96953
40801 34918 35534
40901 10818 78129
41001 31091 68106
41101 19122 79811
41201 38871 92567
41301 64281 93086
41401 10643 38472
41501 81891 82613
41601 10146 66875
41701 69051 82527
41801 14424 93578
41901 32165 66756
42001 56531 76935
42101 39908 49548
42201 69672 73387
42301 25679 70583
42401 67061 72600
42501 5489 19965
42601 56015 73140
42701 35539 42487
42801 843 85455
42901 43116 59071
43001 2270 70104
43101 6601 75586
43201 9441 85636
43301 5319 90517
43401 20269 91781
43501 56984 57359
43601 21113 64213
43701 39348 65166
43801 43780 48586
43901 1518 99393
44001 53758 63282
44101 59886 62443
44201 57090 78070
44301 14582 91722
44401 2773 22447
44501 23415 80446
44601 14078 54517
44701 842 98290
44801 12419 79760
44901 83411 86541
45001 28806 91192
45101 26288 35673
45201 59120 93487
45301 24507 41716
45401 8396 14859
45501 8323 36434
45601 14647 26637
45701 64285 68729
45801 13181 43679
45901 5658 79514
46001 29356 34443
46101 23388 39044
46201 1843 24162
46301 73017 84440
46401 67488 80489
46501 4238 11410
46601 44206 93820
46701 8938 49715
46801 3414 31492
46901 77260 97189
47001 45680 82352
47101 11242 84874
47201 9395 77772
47301 10255 90822
47401 18809 20294
47501 19241 20705
47601 10140 54853
47701 83481 97163
47801 28831 95870
47901 28402 44626
48001 24029 94424
48101 59497 64243
48201 93725 95824
48301 23981 48549
48401 41652 57423
48501 33663 55903
48601 77869 94340
48701 19369 38161
48801 18844 59499
48901 14428 62516
49001 27100 69469
49101 5236 66997
49201 43040 96384
49301 20921 94342
49401 40481 74415
49501 55379 85329
49601 43131 66115
49701 8700 65991
49801 31653 94403
49901 24761 39811
50001 52632 76610
50101 13527 55338
50201 61634 74778
50301 1670 35752
50401 19489 38465
50501 46991 55809
50601 44168 60827
50701 4457 89692
50801 44610 54674
50901 32598 87000
51001 89421 99423
51101 37008 99925
51201 12164 38605
51301 4485 23677
51401 5302 59117
51501 63 4584
51601 18395 33177
51701 75438 87361
51801 57003 66297
51901 73827 82795
52001 23342 88984
52101 33903 53926
52201 22888 23773
52301 8873 53388
52401 21646 60263
52501 11821 22748
52601 40018 65762
52701 24733 71464
52801 15061 27693
52901 3627 6828
53001 30074 90243
53101 45485 60558
53201 27139 90717
53301 19345 52412
53401 9466 95708
53501 15622 88033
53601 19833 71943
53701 39830 91815
53801 56734 93401
53901 26505 31955
54001 627 72461
54101 2847 76372
54201 53360 82721
54301 22686 46127
54401 20582 77467
54501 9124 45446
54601 19719 57231
54701 3889 31970
54801 49794 74168
54901 22111 47552
55001 19041 93876
55101 69897 88947
55201 87407 97647
55301 13911 68612
55401 82842 96212
55501 37647 80231
55601 28793 48002
55701 41948 62090
55801 17641 59100
55901 73464 86403
56001 15891 37118
56101 29407 62502
56201 45770 47933
56301 18702 62139
56401 39578 85773
56501 7338 93754
56601 91715 92863
56701 16166 49289
56801 18141 41821
56901 86828 88347
57001 9873 27907
57101 3815 5763
57201 35694 91623
57301 24516 85161
57401 11147 54884
57501 44859 88534
57601 53581 66799
57701 29230 46277
57801 83923 93224
57901 1476 87954
58001 29898 59263
58101 39977 87110
58201 45010 51718
58301 2227 12055
58401 6346 15689
58501 17056 44290
58601 29054 84878
58701 9361 85815
58801 38473 53368
58901 29163 76867
59001 54516 78850
59101 6877 85777
59201 17984 42087
59301 7419 18392
59401 89329 99622
59501 28590 29660
59601 8745 79477
59701 15704 31043
59801 40723 55998
59901 45322 60638
60001 6003 74290
60101 48588 82748
60201 32899 51930
60301 23527 58206
60401 57843 90552
60501 81255 89253
60601 47498 95547
60701 12065 37438
60801 3919 98337
60901 23323 98521
61001 16641 89605
61101 57288 89225
61201 76577 94050
61301 8260 73278
61401 63834 64723
61501 21992 71089
61601 8083 35134
61701 10779 44284
61801 38081 66790
61901 82637 98617
62001 6676 31850
62101 9823 29859
62201 25599 74527
62301 33608 58188
62401 16601 90542
62501 34766 82275
62601 16897 87433
62701 30128 91809
62801 85646 94145
62901 57618 73281
63001 46983 95931
63101 10296 27865
63201 90337 98369
63301 1847 71590
63401 27893 94870
63501 16331 69951
63601 28509 81199
63701 79477 92006
63801 86440 93316
63901 33480 49639
64001 42099 74064
64101 24783 49980
64201 24693 71995
64301 14892 33439
64401 95883 95911
64501 22609 90544
64601 47122 69010
64701 5237 79500
64801 33301 84285
64901 803 63705
65001 12804 21106
65101 16589 46387
65201 80010 83369
65301 69912 96556
65401 51033 96831
65501 7900 92311
65601 47069 72255
65701 62886 89603
65801 33196 85852
65901 7503 44012
66001 9376 33153
66101 6600 68863
66201 9600 73295
66301 83652 97257
66401 48189 60548
66501 41748 69547
66601 20008 28790
66701 17522 28854
66801 28688 44018
66901 23669 66327
67001 70483 89745
67101 15167 22597
67201 56595 70212
67301 133 42528
67401 23988 67337
67501 13467 84609
67601 4296 5710
67701 40725 92587
67801 54221 74783
67901 61870 94763
68001 46923 52327
68101 51325 56001
68201 35622 61745
68301 50625 57654
68401 8159 80046
68501 10640 73109
68601 40775 92338
68701 35264 52312
68801 17024 71487
68901 54371 59226
69001 38386 70771
69101 4780 9171
69201 31453 35330
69301 31661 90186
69401 8151 54619
69501 969 44559
69601 27440 58287
69701 25809 64454
69801 24640 39204
69901 15677 69292
70001 59270 77283
70101 15652 86851
70201 30498 78068
70301 48744 96643
70401 39206 76371
70501 2709 37783
70601 18664 28326
70701 26695 95203
70801 32898 68269
70901 18720 98202
71001 87355 88331
71101 2023 45233
71201 8294 74821
71301 31748 49515
71401 20891 32905
71501 51139 85225
71601 11975 45349
71701 40844 94828
71801 9126 47099
71901 36409 72894
72001 41707 87346
72101 42891 65323
72201 20916 78628
72301 36823 53124
72401 56166 74178
72501 33033 35544
72601 21264 55962
72701 4526 40352
72801 10352 70635
72901 22166 27793
73001 25177 91290
73101 203 12867
73201 1914 39543
73301 79298 99396
73401 45728 47083
73501 85223 86868
73601 30817 39082
73701 13964 50853
73801 5569 14448
73901 76378 98634
74001 82277 83322
74101 22230 26560
74201 56950 82106
74301 61487 99453
74401 28829 58169
74501 33421 34441
74601 8292 71164
74701 10264 15873
74801 39064 47978
74901 58481 95021
75001 64286 76211
75101 2868 26935
75201 69454 81100
75301 25492 83293
75401 11675 50631
75501 46555 56111
75601 9683 92620
75701 13694 56095
75801 2786 35810
75901 49581 90760
76001 16422 41905
76101 47670 53489
76201 24959 46895
76301 63529 93525
76401 52652 64533
76501 37018 93691
76601 90874 98696
76701 6468 16446
76801 20014 67716
76901 13078 85552
77001 36049 51968
77101 73002 93787
77201 82059 96085
77301 73969 74530
77401 10261 26679
77501 57232 99132
77601 6690 94360
77701 78794 87237
77801 17044 61140
77901 59749 98390
78001 24788 96465
78101 95462 96195
78201 44571 61736
78301 35983 44231
78401 20109 73130
78501 15782 23548
78601 24607 60130
78701 19499 30134
78801 43419 55907
78901 2460 23044
79001 44908 79303
79101 61029 78654
79201 11608 62592
79301 2841 23782
79401 75812 94528
79501 24720 57923
79601 6177 26452
79701 84011 90013
79801 7628 96548
79901 14288 53245
80001 47265 55752
80101 69040 73560
80201 28239 76591
80301 45501 81715
80401 4302 95312
80501 69634 91071
80601 22148 28821
80701 77404 82806
80801 90092 91741
80901 46716 52448
81001 9622 20543
81101 4240 68943
81201 33444 53838
81301 41426 47405
81401 58214 78720
81501 6278 44991
81601 2997 70315
81701 22083 71554
81801 27629 95066
81901 86187 90647
82001 10990 35718
82101 30042 57622
82201 15857 84662
82301 19036 92922
82401 812 21713
82501 10102 86636
82601 54608 83550
82701 37401 47706
82801 34183 84622
82901 34022 69249
83001 32167 40674
83101 29321 42150
83201 27539 41675
83301 1426 98275
83401 24659 64982
83501 18310 28282
83601 12612 13652
83701 7784 24597
83801 18163 77888
83901 8448 22973
84001 86942 91593
84101 12096 23173
84201 40047 86453
84301 22374 46087
84401 13851 63751
84501 21109 38314
84601 53308 91249
84701 276 43013
84801 448 60720
84901 53430 82000
85001 14536 80391
85101 9198 48231
85201 73449 74408
85301 55064 99463
85401 14765 88202
85501 36172 59808
85601 38203 53978
85701 25424 73390
85801 44423 65501
85901 27490 35924
86001 13172 30696
86101 36246 81046
86201 19526 65080
86301 9184 96344
86401 32913 42061
86501 43445 79563
86601 15751 37037
86701 26133 89991
86801 20484 71241
86901 29489 99897
87001 11608 56460
87101 67179 71135
87201 4490 29184
87301 47402 48518
87401 81897 90789
87501 63576 84501
87601 32799 53064
87701 28146 30427
87801 49146 62295
87901 20656 66464
88001 14423 80537
88101 26158 95325
88201 70621 92927
88301 22702 29249
88401 4067 52697
88501 27828 71254
88601 3912 92979
88701 62203 63736
88801 38739 56299
88901 15135 28887
89001 27977 73753
89101 61873 93163
89201 32699 60067
89301 180 29200
89401 18617 72202
89501 54009 58225
89601 15310 66259
89701 87196 88840
89801 3525 5032
89901 4556 15287
90001 4283 76026
90101 41707 43795
90201 34618 71687
90301 3596 58909
90401 64955 81349
90501 45741 48430
90601 19579 92681
90701 6176 10677
90801 23460 86248
90901 75073 88794
91001 14912 24454
91101 2498 56107
91201 55104 60078
91301 52449 73178
91401 19587 55572
91501 9429 55859
91601 30197 99469
91701 19340 98172
91801 2589 78033
91901 15174 64110
92001 11788 42157
92101 21385 32633
92201 5637 30776
92301 78412 80623
92401 7511 98624
92501 28031 57745
92601 11275 48479
92701 70098 71945
92801 27913 30251
92901 7804 46924
93001 36784 43233
93101 4515 61383
93201 582 94910
93301 64856 77966
93401 76495 97409
93501 27477 79769
93601 37171 37630
93701 59468 62309
93801 13416 91045
93901 21056 51434
94001 29972 93623
94101 49403 51903
94201 89101 94814
94301 307 47601
94401 37238 50401
94501 27904 49289
94601 78468 99962
94701 11545 72239
94801 553 35598
94901 23143 25999
95001 34188 77341
95101 27351 75915
95201 41891 84304
95301 20395 85401
95401 15271 94846
95501 41859 87214
95601 1928 49956
95701 1679 25199
95801 79420 86820
95901 11901 80738
96001 68540 77150
96101 65041 83379
96201 36725 92387
96301 40514 85384
96401 8138 82059
96501 1071 44982
96601 49494 60563
96701 70730 76458
96801 45054 49375
96901 20178 39498
97001 23642 50259
97101 48495 58923
97201 92801 99609
97301 68210 97508
97401 87292 97930
97501 6391 78610
97601 31915 43066
97701 51563 53289
97801 13210 13246
97901 3521 47016
98001 31683 88171
98101 3859 44590
98201 33433 92013
98301 98864 99094
98401 7498 71440
98501 2802 44177
98601 2616 99241
98701 62245 73707
98801 85810 95844
98901 58633 98500
99001 46903 69482
99101 6744 37239
99201 7401 63212
99301 76667 80987
99401 54589 55337
99501 14736 46683
99601 6619 92862
99701 65761 76059
99801 49294 85780
99901 13153 32743
