1000
1 12850 60270
101 57369 82020
201 18538 68778
301 46075 72254
401 4010 37652
501 44676 64185
601 68947 88966
701 9069 71944
801 3610 36543
901 32292 84158
1001 483 54290
1101 27957 37440
1201 7747 12919
1301 28488 47762
1401 75750 94612
1501 26249 49835
1601 29230 73872
1701 17861 85426
1801 53986 74693
1901 25780 57389
2001 62306 69780
2101 16086 70626
2201 3866 74111
2301 27457 61885
2401 28322 39661
2501 5396 65563
2601 21310 38771
2701 50987 78718
2801 38850 52223
2901 38839 96839
3001 19484 88001
3101 39769 92444
3201 5398 83264
3301 70198 84065
3401 35702 41037
3501 32373 78452
3601 27907 89073
3701 7455 68392
3801 84921 92077
3901 19597 66388
4001 34714 60652
4101 3978 31903
4201 59535 80004
4301 24161 65076
4401 53102 80052
4501 46745 64824
4601 87547 89187
4701 23401 62997
4801 55773 87755
4901 50494 95099
5001 53139 84251
5101 18610 23813
5201 40569 76252
5301 49882 93316
5401 71427 88794
5501 12536 53496
5601 33769 70043
5701 26084 49776
5801 22382 31121
5901 30868 49209
6001 2097 16751
6101 56738 60352
6201 7634 99451
6301 79926 85024
6401 76954 86524
6501 21697 71018
6601 40053 92400
6701 34318 34888
6801 46054 53729
6901 82947 84711
7001 30974 57075
7101 10212 76486
7201 26409 74505
7301 5000 10724
7401 12075 54858
7501 65337 99872
7601 12023 16810
7701 21875 55874
7801 19037 68272
7901 28358 80268
8001 31474 96853
8101 82683 86224
8201 78292 98124
8301 12244 12483
8401 5188 46697
8501 14871 68975
8601 56173 98322
8701 15747 90013
8801 39805 79251
8901 12421 58151
9001 54828 89148
9101 11028 86454
9201 42899 79150
9301 71841 84285
9401 15799 54737
9501 14873 99802
9601 84446 94817
9701 25645 47660
9801 547 29667
9901 11501 90776
10001 56100 71517
10101 51944 77860
10201 59494 68152
10301 12750 83077
10401 24770 51155
10501 678 49576
10601 52847 84473
10701 49064 65024
10801 20843 44927
10901 90050 94391
11001 1937 30727
11101 11186 71290
11201 8468 94026
11301 1346 33518
11401 19333 98789
11501 31356 70625
11601 722 57666
11701 14998 99042
11801 22163 70202
11901 45017 99995
12001 77674 97053
12101 478 79378
12201 23292 74761
12301 61375 90019
12401 23415 33969
12501 44452 85958
12601 56647 71809
12701 9824 79300
12801 70517 82660
12901 79227 82328
13001 20200 36671
13101 43942 93459
13201 7093 86358
13301 47076 90657
13401 50777 95148
13501 26958 45235
13601 68773 96006
13701 36193 56526
13801 8513 63566
13901 5107 14292
14001 86502 93559
14101 5770 46081
14201 43114 86690
14301 9991 96530
14401 40397 47346
14501 21869 73845
14601 38004 69727
14701 11106 88416
14801 59095 73769
14901 69791 96629
15001 76842 83680
15101 71711 85787
15201 58473 80829
15301 30256 75906
15401 53505 71883
15501 58446 93713
15601 16230 51953
15701 62981 67012
15801 66636 73636
15901 42149 48413
16001 16131 56034
16101 5229 25759
16201 9316 85422
16301 1536 80975
16401 34179 55860
16501 43735 91626
16601 2982 37836
16701 6126 64563
16801 16038 98677
16901 6119 35654
17001 17758 48031
17101 29434 32139
17201 49441 50831
17301 33031 71752
17401 45937 87032
17501 42302 69399
17601 54690 75868
17701 19890 76110
17801 13738 90107
17901 26874 59950
18001 44805 66573
18101 35584 36693
18201 39551 96100
18301 41591 65486
18401 30987 48490
18501 79906 97979
18601 31118 98511
18701 55023 78503
18801 6055 51628
18901 54944 76147
19001 92099 99528
19101 49083 65496
19201 30923 32323
19301 35449 69013
19401 4239 33189
19501 61341 95800
19601 19187 55701
19701 57491 76741
19801 13707 79614
19901 55342 73329
20001 28437 70424
20101 31284 60098
20201 40677 66035
20301 10413 13240
20401 18906 59518
20501 28217 96395
20601 6051 21328
20701 55091 99857
20801 57826 68287
20901 7363 83909
21001 846 1547
21101 37790 50846
21201 40937 75774
21301 41369 85796
21401 25134 89682
21501 61224 97046
21601 93078 99890
21701 55944 93869
21801 7149 61533
21901 46518 77915
22001 51064 91636
22101 20621 65099
22201 40716 96995
22301 62598 94494
22401 25483 53896
22501 21321 94062
22601 55555 56084
22701 40953 58143
22801 26187 43593
22901 15998 83907
23001 8874 18048
23101 25710 26913
23201 9132 68225
23301 45821 66791
23401 38785 85440
23501 18702 75512
23601 81855 93501
23701 55425 98507
23801 30352 90545
23901 26537 75059
24001 73356 95867
24101 12063 94078
24201 4644 56019
24301 5770 41519
24401 36734 70795
24501 15017 53854
24601 86121 88567
24701 3234 97953
24801 44297 96593
24901 18562 97241
25001 50287 69478
25101 30136 54574
25201 20321 82722
25301 3756 71483
25401 52866 55829
25501 33670 44273
25601 22595 29775
25701 39078 49451
25801 25705 89551
25901 34145 72150
26001 24801 76064
26101 29664 66876
26201 30853 90193
26301 4300 40911
26401 49075 55058
26501 66362 73244
26601 21999 26547
26701 55282 61230
26801 35229 76833
26901 28454 55921
27001 9102 40920
27101 31479 98948
27201 1800 24640
27301 32383 91622
27401 65938 78554
27501 36029 72501
27601 23074 48294
27701 10300 36690
27801 35447 83223
27901 33922 94556
28001 5572 21934
28101 34830 64108
28201 58280 65967
28301 82375 86761
28401 6691 44855
28501 14847 72944
28601 35307 64021
28701 3665 28647
28801 66516 75403
28901 18169 64529
29001 29797 42331
29101 70693 76483
29201 15763 28450
29301 1063 1243
29401 32898 35928
29501 12268 48189
29601 58791 70337
29701 1777 72158
29801 41321 83880
29901 26885 29277
30001 20477 99386
30101 43098 56958
30201 1889 37618
30301 18436 64520
30401 11949 69583
30501 24380 85566
30601 37970 73884
30701 63149 89818
30801 58731 91996
30901 1275 68189
31001 56303 84873
31101 9769 26372
31201 26650 85767
31301 69535 81631
31401 46105 70718
31501 20604 37490
31601 27079 57818
31701 61495 80823
31801 35729 83135
31901 8873 41575
32001 18198 41799
32101 5102 95029
32201 10870 96186
32301 12058 36044
32401 43565 96070
32501 16125 46608
32601 7968 73077
32701 65024 89000
32801 3997 45921
32901 56206 61232
33001 66354 68890
33101 33183 50006
33201 15279 74011
33301 54117 61015
33401 3401 57503
33501 59042 66433
33601 27589 56329
33701 49284 64796
33801 58802 87372
33901 15200 49489
34001 32897 57722
34101 19475 68125
34201 924 78108
34301 15146 64830
34401 40087 93178
34501 19127 68769
34601 2074 13387
34701 73189 74441
34801 16771 21734
34901 52829 68640
35001 51342 72167
35101 1227 96012
35201 9995 91734
35301 38916 40480
35401 6644 14127
35501 72741 84632
35601 26509 28084
35701 59570 74703
35801 12745 82770
35901 64349 77505
36001 41681 69336
36101 9854 38558
36201 16530 94791
36301 39402 92671
36401 8546 80108
36501 53820 57811
36601 52481 85094
36701 16292 17174
36801 28791 42406
36901 5481 86768
37001 48014 93099
37101 60833 82854
37201 51479 98366
37301 72991 84106
37401 15940 37524
37501 47645 62658
37601 63532 77981
37701 1254 20494
37801 11008 82629
37901 926 3984
38001 32130 78596
38101 11694 31331
38201 5145 9055
38301 36141 45937
38401 72758 98932
38501 22136 92006
38601 27834 99581
38701 53921 81196
38801 24096 36969
38901 37568 62148
39001 2381 46303
39101 51172 72220
39201 28071 92251
39301 94697 97826
39401 11670 41082
39501 860 23939
39601 29219 70368
39701 88425 94314
39801 93378 96579
39901 33392 84979
40001 3874 6335
40101 9774 30367
40201 6160 23264
40301 13066 36270
40401 4379 10239
40501 29238 44154
40601 67921 90859
40701 21217 53337
40801 49052 73930
40901 5171 29380
41001 8523 50694
41101 68683 81366
41201 61331 63835
41301 2393 90270
41401 15442 84923
41501 30288 38073
41601 6189 29746
41701 3660 99717
41801 42813 57333
41901 50061 56351
42001 21426 32373
42101 12228 65378
42201 77646 97716
42301 13010 92294
42401 27053 85176
42501 73672 82463
42601 39211 72910
42701 57855 73762
42801 5847 99148
42901 53248 54014
43001 42757 64005
43101 31372 32410
43201 13324 81078
43301 1648 11477
43401 2024 33371
43501 19600 86179
43601 78691 83659
43701 31836 97488
43801 25866 83791
43901 2136 94873
44001 61542 63219
44101 7265 43319
44201 33753 39021
44301 7234 27473
44401 26079 98101
44501 17596 94547
44601 26898 41517
44701 55950 98153
44801 53613 83242
44901 53048 67501
45001 15122 47134
45101 29951 55622
45201 11544 84293
45301 13661 51137
45401 30703 50672
45501 15768 40388
45601 44253 59102
45701 2575 71589
45801 5806 67458
45901 26930 63291
46001 8674 23677
46101 23503 81063
46201 4530 54736
46301 12281 70317
46401 14913 14961
46501 4372 42265
46601 84591 96734
46701 45524 68227
46801 36555 72421
46901 12293 71153
47001 6022 34497
47101 6015 94468
47201 17019 62723
47301 6230 48330
47401 58948 60947
47501 29038 98768
47601 55013 89432
47701 33171 93479
47801 64535 94746
47901 27317 33310
48001 19707 35969
48101 55028 63087
48201 30034 79901
48301 48940 86041
48401 64646 90685
48501 11974 44756
48601 59919 94053
48701 82507 87253
48801 76363 79237
48901 71328 75266
49001 56209 67045
49101 31718 85802
49201 44793 83291
49301 16211 70401
49401 66747 71716
49501 23767 52596
49601 60946 90392
49701 15454 90875
49801 67362 68130
49901 36597 81821
50001 29117 74738
50101 1860 37329
50201 18696 56716
50301 59373 87372
50401 29983 65345
50501 33188 37082
50601 16428 62260
50701 49635 85949
50801 42443 76699
50901 83676 97941
51001 77147 95663
51101 6665 77703
51201 13715 22767
51301 8875 31797
51401 29187 97202
51501 56641 61610
51601 21338 44316
51701 31201 41761
51801 13921 68092
51901 25878 39910
52001 1547 34301
52101 36923 46762
52201 25041 84104
52301 56505 86305
52401 53060 63096
52501 628 83363
52601 10068 72534
52701 16228 49585
52801 13234 76376
52901 7411 84478
53001 61933 91547
53101 21140 65554
53201 31994 77227
53301 15985 96371
53401 7332 50541
53501 33627 40001
53601 59185 78646
53701 89226 93844
53801 68007 88420
53901 67021 72116
54001 58558 80494
54101 2730 44746
54201 42235 59352
54301 61022 86243
54401 10940 97961
54501 33947 90711
54601 53055 99274
54701 22151 79474
54801 13166 27819
54901 35283 47700
55001 60533 73588
55101 41755 98901
55201 64781 84508
55301 17779 73108
55401 68038 88607
55501 77844 97199
55601 8137 16604
55701 29842 81936
55801 72597 94889
55901 72695 94532
56001 11412 93647
56101 26802 39216
56201 21350 69837
56301 21104 21463
56401 803 61593
56501 15459 35940
56601 42935 63295
56701 1738 73400
56801 12691 47773
56901 20730 22223
57001 39611 79684
57101 17156 80699
57201 22771 65895
57301 7275 8197
57401 17349 39061
57501 71637 79296
57601 44657 52966
57701 35006 72127
57801 32611 91598
57901 17312 76934
58001 21164 82737
58101 33503 50522
58201 3855 92479
58301 27186 95982
58401 64496 70473
58501 13584 70996
58601 51370 64728
58701 43651 45787
58801 86213 93293
58901 9142 40867
59001 6814 91717
59101 32953 63503
59201 8754 69913
59301 35455 44559
59401 50 35455
59501 99 61380
59601 66193 70375
59701 16873 93431
59801 40010 63701
59901 49172 68052
60001 14315 24036
60101 20569 63428
60201 37552 42319
60301 65256 86119
60401 25822 83234
60501 73434 91272
60601 61697 75318
60701 45234 57103
60801 22593 68349
60901 1491 4306
61001 67758 71037
61101 33490 74522
61201 3898 69972
61301 28708 60535
61401 7286 46016
61501 34680 99619
61601 29261 71896
61701 9817 72553
61801 61863 69063
61901 4465 36567
62001 9616 47795
62101 31692 92342
62201 15418 88313
62301 54049 95081
62401 14686 57120
62501 16388 23316
62601 5348 75116
62701 10105 67521
62801 97850 98958
62901 63975 99477
63001 21677 37223
63101 28089 44369
63201 16603 57317
63301 4888 77115
63401 5573 62284
63501 30089 85653
63601 39216 48783
63701 11911 26552
63801 7366 72159
63901 58801 81199
64001 11738 15918
64101 30186 36672
64201 23587 53434
64301 84121 86530
64401 10411 93544
64501 57421 80844
64601 60414 91526
64701 8741 35441
64801 30084 43493
64901 69882 96843
65001 71968 93690
65101 33376 99420
65201 12519 68721
65301 84386 88050
65401 38896 91780
65501 48398 59811
65601 88898 95069
65701 7632 73035
65801 45641 90127
65901 41983 58690
66001 36066 44331
66101 52210 76048
66201 42104 78465
66301 11439 74184
66401 51288 88014
66501 32814 70080
66601 47152 51328
66701 19770 88698
66801 19289 39040
66901 10020 96913
67001 11430 86505
67101 81980 90818
67201 31216 43835
67301 18736 61538
67401 54834 98865
67501 17954 85763
67601 18636 29512
67701 48661 96889
67801 67472 84284
67901 88429 88763
68001 4898 13664
68101 18298 41214
68201 62822 87330
68301 68114 74331
68401 18317 20639
68501 79061 83477
68601 21246 25700
68701 34082 75647
68801 33817 44511
68901 14473 28274
69001 22611 91708
69101 57966 73305
69201 53157 87236
69301 25464 70579
69401 10570 96684
69501 24724 51462
69601 3094 11495
69701 16199 89855
69801 73673 75265
69901 14671 24138
70001 82065 86994
70101 17410 72100
70201 51161 74135
70301 26390 69846
70401 4377 49534
70501 1431 52553
70601 28473 89845
70701 30886 85679
70801 18248 51792
70901 35960 54724
71001 75729 89571
71101 84603 94461
71201 6870 79011
71301 56793 60896
71401 76107 93578
71501 82924 84423
71601 57773 96724
71701 32089 78366
71801 55973 68504
71901 75283 88239
72001 9840 39243
72101 64370 93352
72201 6473 71970
72301 81579 85625
72401 30485 67773
72501 32617 55825
72601 67669 80429
72701 54923 72193
72801 85588 96647
72901 8420 11921
73001 3782 38379
73101 32961 63944
73201 2522 26703
73301 8621 20295
73401 7514 7777
73501 9929 23431
73601 10310 75390
73701 43849 48773
73801 19797 45807
73901 41193 98829
74001 16410 80467
74101 79970 93475
74201 80292 84943
74301 90821 97293
74401 78596 90365
74501 92650 98946
74601 91157 95978
74701 63480 63643
74801 48402 79525
74901 92752 95751
75001 53761 83343
75101 21538 99662
75201 35192 99936
75301 29786 64173
75401 63405 87783
75501 9021 30531
75601 37812 48171
75701 61075 64060
75801 83439 88574
75901 3528 93151
76001 11705 45406
76101 33729 59872
76201 70725 77213
76301 63823 70709
76401 4280 39521
76501 58654 96130
76601 11987 94114
76701 22339 64640
76801 51880 62754
76901 33414 85971
77001 16113 93421
77101 79137 84404
77201 18835 94870
77301 54597 78215
77401 3759 94555
77501 70566 93823
77601 24904 77258
77701 25723 90511
77801 5439 20113
77901 18277 96583
78001 76676 93559
78101 21334 27076
78201 74922 94977
78301 12505 86724
78401 31865 75578
78501 20887 86192
78601 49333 63896
78701 41508 77859
78801 5812 40183
78901 16657 27909
79001 9403 99752
79101 24044 41225
79201 1182 70612
79301 89391 93628
79401 25623 98340
79501 33245 73391
79601 49298 51681
79701 50687 69359
79801 38959 58435
79901 836 9575
80001 13351 40530
80101 60305 92349
80201 22800 35091
80301 43239 66418
80401 10660 32454
80501 48353 58128
80601 13681 55717
80701 70973 80451
80801 23216 66822
80901 53100 99460
81001 32838 70121
81101 27600 87940
81201 34904 45505
81301 20784 93252
81401 78083 79915
81501 10482 49902
81601 75936 97273
81701 56225 65401
81801 30466 38505
81901 74380 81256
82001 35973 79818
82101 22139 44565
82201 24931 95890
82301 1094 23458
82401 27329 53683
82501 26471 50494
82601 31913 44980
82701 30977 81238
82801 55267 81320
82901 42004 98292
83001 2221 61269
83101 16365 92907
83201 2598 44314
83301 51771 75335
83401 29089 94197
83501 40820 68621
83601 53457 59217
83701 760 36970
83801 50086 94197
83901 54607 60785
84001 21954 34032
84101 62180 83062
84201 43045 98719
84301 11149 82119
84401 15948 55647
84501 24767 58580
84601 42814 65519
84701 5186 73415
84801 21560 97431
84901 59699 72645
85001 15325 62234
85101 76559 87607
85201 12241 95180
85301 8859 64360
85401 52397 77745
85501 10108 43347
85601 10202 53043
85701 6319 49693
85801 3015 68395
85901 493 86114
86001 43809 44050
86101 19306 97385
86201 8661 8901
86301 62159 89829
86401 47401 75399
86501 16527 71561
86601 11830 16922
86701 45338 53759
86801 20687 61800
86901 7028 48737
87001 13465 33729
87101 38512 47537
87201 25228 37488
87301 42869 71262
87401 45464 99528
87501 81889 83791
87601 10187 34101
87701 37360 84828
87801 32155 47622
87901 26403 44595
88001 22528 94555
88101 2345 4919
88201 45724 66885
88301 87593 99773
88401 78798 93306
88501 25349 92223
88601 3003 82228
88701 44391 75756
88801 48423 79470
88901 3120 42372
89001 57101 85547
89101 29733 64494
89201 35365 98310
89301 45287 96532
89401 23277 66129
89501 12457 22965
89601 10230 68739
89701 69021 73494
89801 62195 68633
89901 55174 99207
90001 10601 99462
90101 34023 71816
90201 41209 47844
90301 28617 29792
90401 38347 90846
90501 46603 75234
90601 22493 35056
90701 44943 52878
90801 61713 69981
90901 40111 44767
91001 61741 75375
91101 13845 16347
91201 39517 53835
91301 24243 25529
91401 57425 73404
91501 44290 61449
91601 18861 94408
91701 1611 17638
91801 28111 49516
91901 23059 92758
92001 74954 89747
92101 684 31337
92201 37013 57297
92301 57662 91202
92401 405 92212
92501 4780 23831
92601 48837 78471
92701 43628 77318
92801 43718 85844
92901 43296 50326
93001 40325 66647
93101 35135 79355
93201 19400 74965
93301 70059 92891
93401 41646 45684
93501 54928 66420
93601 65590 75216
93701 63849 77858
93801 16510 57225
93901 20817 21398
94001 35562 46250
94101 51567 85520
94201 19366 87451
94301 43244 66675
94401 6578 13320
94501 13324 75942
94601 26377 69644
94701 82803 97514
94801 31389 69446
94901 718 84995
95001 31622 66746
95101 11247 66953
95201 20276 68039
95301 51895 54485
95401 8705 68505
95501 44611 54405
95601 6648 21373
95701 29464 36696
95801 58582 84308
95901 26622 91608
96001 32477 89516
96101 44981 53439
96201 14857 40075
96301 4119 24795
96401 22775 97061
96501 65262 88013
96601 46658 74301
96701 26393 61292
96801 15923 63883
96901 23579 52760
97001 44335 53504
97101 30278 37007
97201 11597 91739
97301 51594 86566
97401 42262 46963
97501 69724 73579
97601 61647 91350
97701 9298 57204
97801 80150 89036
97901 69553 70385
98001 63584 66702
98101 17285 64327
98201 33559 33727
98301 75458 81165
98401 40279 73543
98501 38125 74621
98601 31673 47208
98701 21907 32935
98801 73336 80729
98901 25933 80968
99001 7041 47367
99101 150 7881
99201 25815 46056
99301 89190 93267
99401 33286 39772
99501 2529 72819
99601 59820 69865
99701 783 54894
99801 48778 73244
99901 16943 52124
