1000
1 5766 52151
101 16133 85110
201 63674 87336
301 22301 85745
401 80791 82341
501 31738 58767
601 31671 42129
701 3090 93788
801 35758 79975
901 10245 62261
1001 93707 94446
1101 27129 33548
1201 11434 90611
1301 37999 95308
1401 15571 50241
1501 52079 86673
1601 41453 48849
1701 22326 68711
1801 28000 66079
1901 17890 87276
2001 63252 77866
2101 7033 13400
2201 16165 87378
2301 20516 99003
2401 32720 62844
2501 51906 61862
2601 7156 55809
2701 2033 81810
2801 14642 83692
2901 68441 90245
3001 37202 46547
3101 36002 89405
3201 1152 84248
3301 68628 84445
3401 68813 88866
3501 17433 97844
3601 25880 62497
3701 51469 82155
3801 15005 64529
3901 40122 50846
4001 21993 35707
4101 53788 86424
4201 88849 98261
4301 35000 88459
4401 6281 7028
4501 15149 29881
4601 82232 83181
4701 63814 92219
4801 36433 79033
4901 31758 79988
5001 12809 29479
5101 5657 41346
5201 73638 98037
5301 32501 68575
5401 68476 82421
5501 58868 61456
5601 17919 96349
5701 21311 75689
5801 78360 79372
5901 14071 86377
6001 27975 91031
6101 62596 69975
6201 53837 91249
6301 3778 19660
6401 72806 75314
6501 54296 97002
6601 10739 36820
6701 5295 20400
6801 41938 61960
6901 1997 96129
7001 44768 87212
7101 90739 93772
7201 12473 54702
7301 38848 45484
7401 20940 94742
7501 62673 74517
7601 76531 96327
7701 1279 84717
7801 7663 15817
7901 31226 42308
8001 56043 57595
8101 71308 89444
8201 90759 95678
8301 2161 42583
8401 65124 99614
8501 9911 82906
8601 13108 82321
8701 85991 95413
8801 8769 20994
8901 16576 59574
9001 28514 59022
9101 29834 45108
9201 1895 70695
9301 58189 92116
9401 34727 78261
9501 52848 53144
9601 5041 13753
9701 15228 70945
9801 16075 29290
9901 25972 68512
10001 9463 17869
10101 95143 99551
10201 72160 72273
10301 58185 89361
10401 12303 57342
10501 24916 70420
10601 1566 21111
10701 32993 68382
10801 21438 83000
10901 23859 72875
11001 43875 73068
11101 45036 60871
11201 62530 91567
11301 53208 70521
11401 28206 95972
11501 49728 77264
11601 10865 78820
11701 9165 52542
11801 18943 70574
11901 37284 91749
12001 17750 79222
12101 47103 98645
12201 5513 5550
12301 73091 75206
12401 10973 50367
12501 33930 71938
12601 28970 94967
12701 39311 42118
12801 31021 78661
12901 8871 70396
13001 42873 67317
13101 5643 37701
13201 79074 98909
13301 13006 59155
13401 22007 85237
13501 22981 37639
13601 11264 85289
13701 869 61478
13801 76623 99711
13901 69929 71641
14001 22825 93174
14101 96990 99170
14201 23972 88964
14301 12023 40878
14401 88688 90837
14501 1437 33124
14601 35701 52932
14701 8540 91596
14801 5303 46263
14901 10820 62043
15001 8852 22272
15101 88793 91645
15201 88906 91321
15301 56172 73224
15401 79148 82766
15501 52596 62987
15601 16952 56489
15701 61879 70979
15801 33039 86015
15901 14488 85352
16001 29138 50653
16101 27435 92453
16201 21195 92109
16301 47357 82388
16401 51589 58847
16501 75835 82101
16601 6721 28629
16701 50755 94269
16801 25926 44872
16901 14375 88121
17001 15005 32880
17101 55179 83889
17201 11028 67888
17301 10791 17955
17401 27323 78576
17501 60776 96748
17601 25988 38032
17701 49575 99587
17801 10021 35570
17901 18478 98716
18001 53273 96875
18101 43796 91466
18201 49393 89327
18301 71255 86902
18401 9738 74969
18501 54135 85980
18601 22143 56354
18701 15037 16791
18801 15588 60392
18901 12405 59006
19001 39991 90932
19101 47909 90115
19201 2008 87966
19301 47179 98846
19401 3714 15277
19501 16228 37521
19601 33620 51985
19701 17224 55910
19801 55333 93706
19901 39673 68260
20001 11636 58807
20101 5079 12556
20201 9250 11599
20301 4458 88342
20401 38403 66559
20501 53142 89501
20601 53183 78075
20701 53153 73307
20801 26196 63267
20901 42193 87793
21001 37483 87726
21101 10557 81757
21201 67562 90150
21301 67290 95992
21401 17277 41876
21501 81846 85993
21601 66981 92054
21701 45010 90584
21801 1507 96342
21901 87572 94652
22001 15945 88410
22101 73619 87219
22201 5168 9396
22301 49612 50966
22401 24043 35462
22501 35881 70536
22601 78662 83545
22701 16262 45018
22801 17438 87690
22901 6299 62042
23001 36960 78079
23101 52247 56461
23201 9720 66329
23301 7397 51534
23401 24711 56393
23501 51888 76492
23601 55060 69397
23701 18130 90973
23801 4931 78563
23901 3095 68346
24001 34927 36099
24101 28790 34202
24201 16502 25476
24301 58186 88374
24401 27431 61916
24501 24326 90043
24601 1129 96279
24701 12234 31508
24801 45924 61236
24901 3128 5143
25001 8751 52575
25101 29037 60318
25201 87097 99331
25301 20779 21780
25401 65191 71700
25501 36650 60220
25601 34586 88564
25701 4088 34235
25801 14487 23800
25901 44790 76194
26001 66513 72043
26101 35484 83164
26201 31171 93136
26301 3700 25791
26401 29340 54627
26501 17141 40491
26601 36993 82693
26701 34164 52870
26801 34009 81440
26901 42322 43351
27001 29284 74063
27101 67963 77726
27201 52146 79845
27301 46749 83072
27401 3150 80087
27501 8146 58169
27601 46246 70329
27701 9753 72547
27801 7264 81509
27901 24431 88872
28001 33542 96055
28101 64056 69304
28201 49950 80720
28301 1155 10776
28401 10043 66922
28501 36467 93771
28601 20116 27700
28701 25061 56330
28801 49237 79736
28901 37858 90792
29001 53377 87398
29101 54429 66850
29201 20388 37801
29301 34967 60103
29401 12860 80848
29501 40022 70760
29601 45616 55178
29701 20049 85254
29801 8110 69864
29901 25333 32277
30001 41424 66161
30101 81904 95097
30201 89649 99177
30301 23845 66896
30401 1053 7382
30501 6289 99268
30601 44712 66405
30701 4091 98678
30801 48371 97516
30901 53295 57857
31001 48987 83603
31101 65776 87704
31201 15094 89438
31301 31532 51937
31401 46928 79644
31501 87519 96322
31601 9575 94930
31701 29052 32724
31801 47354 94255
31901 14251 70211
32001 41776 55296
32101 8531 78296
32201 48544 96089
32301 39503 43478
32401 39489 70761
32501 50032 77200
32601 50630 77670
32701 33828 64878
32801 87821 99685
32901 6143 39629
33001 13518 26279
33101 10161 43382
33201 43438 75439
33301 85732 86430
33401 19292 79672
33501 70548 78406
33601 41562 49198
33701 88616 96580
33801 50954 83764
33901 48440 76099
34001 28511 76451
34101 14519 24697
34201 10551 31071
34301 5715 29829
34401 14433 87395
34501 7397 64556
34601 41982 97910
34701 75470 88179
34801 24963 36203
34901 2974 43477
35001 74481 90712
35101 61644 84441
35201 25885 26721
35301 8599 88248
35401 22481 61081
35501 17629 56999
35601 6596 18694
35701 10353 50870
35801 5639 86723
35901 72208 97358
36001 39182 52431
36101 92268 98991
36201 68210 96108
36301 75613 97884
36401 79563 93004
36501 20237 90039
36601 28267 45459
36701 18170 70651
36801 54846 96662
36901 51833 55959
37001 15415 62033
37101 21687 83077
37201 95143 99621
37301 79453 88581
37401 94300 96524
37501 32303 87314
37601 31060 72980
37701 12950 15051
37801 59861 63161
37901 64546 66976
38001 76225 99012
38101 18844 21869
38201 54737 62597
38301 9408 37674
38401 14369 26205
38501 52151 83749
38601 27469 76141
38701 43271 93273
38801 27525 92989
38901 26533 75976
39001 31611 92527
39101 14923 61789
39201 78270 80831
39301 31459 88488
39401 4116 84009
39501 16332 90263
39601 14313 97683
39701 19770 74532
39801 8565 85252
39901 89662 99123
40001 72695 87405
40101 39093 48303
40201 48498 91870
40301 41241 45803
40401 44582 70029
40501 10106 84397
40601 33667 63086
40701 39195 53776
40801 24678 46684
40901 30908 41700
41001 12695 71264
41101 85252 89397
41201 20368 74563
41301 8354 38689
41401 23928 44973
41501 19096 25795
41601 39699 41575
41701 12707 37192
41801 64131 75418
41901 44976 65137
42001 55459 58132
42101 47867 56161
42201 4140 48632
42301 39776 57099
42401 39207 50678
42501 10543 34392
42601 68261 95892
42701 15865 84476
42801 5421 17253
42901 20410 66925
43001 3387 38784
43101 12095 91859
43201 6006 35640
43301 2372 29637
43401 55651 61216
43501 13198 70294
43601 4614 64244
43701 66785 87370
43801 74888 88397
43901 7594 94605
44001 38061 41120
44101 23246 82877
44201 56066 80633
44301 65216 92605
44401 14018 46449
44501 24347 88407
44601 38732 77601
44701 24493 27712
44801 11610 58886
44901 8113 90801
45001 35889 63537
45101 2358 21696
45201 22859 39329
45301 28037 44014
45401 48083 87546
45501 22680 80006
45601 3911 20705
45701 58504 80544
45801 5197 45558
45901 19482 19801
46001 72026 99231
46101 2805 35600
46201 11304 87888
46301 3000 89327
46401 77537 94947
46501 9182 84802
46601 49359 86457
46701 75939 89985
46801 81398 82031
46901 80978 89170
47001 54822 76864
47101 40934 55772
47201 26170 38038
47301 23753 40093
47401 43825 69937
47501 30267 49294
47601 61501 87033
47701 49789 88224
47801 38494 59913
47901 62998 91250
48001 22917 33959
48101 28086 86229
48201 18125 82995
48301 73200 85557
48401 22899 76576
48501 11932 93506
48601 74189 74749
48701 4322 87382
48801 34548 67134
48901 5503 31712
49001 78825 88947
49101 57481 91231
49201 51531 90442
49301 24811 56917
49401 49670 83642
49501 27249 35953
49601 24733 50074
49701 69544 74454
49801 16588 17677
49901 30728 82255
50001 34684 35270
50101 36987 56362
50201 55945 83928
50301 37998 49092
50401 44307 93440
50501 28795 96410
50601 1701 72486
50701 62833 64588
50801 35013 92549
50901 30517 63011
51001 16848 90702
51101 5215 81858
51201 64665 90250
51301 75156 90800
51401 73021 85660
51501 59898 76124
51601 13371 58940
51701 891 79415
51801 14074 84291
51901 43236 59549
52001 32683 77100
52101 57724 89230
52201 5367 72157
52301 17034 55491
52401 7794 20321
52501 12786 91767
52601 898 83955
52701 844 81133
52801 56980 71041
52901 4543 38359
53001 78186 95014
53101 52636 87279
53201 2261 62497
53301 2049 26127
53401 27730 51850
53501 79493 84950
53601 4615 98830
53701 11145 39889
53801 11914 41806
53901 25047 75567
54001 21903 88582
54101 3976 25616
54201 49786 93713
54301 14682 81213
54401 61804 89049
54501 61540 81127
54601 7179 80449
54701 16472 77086
54801 62319 70231
54901 19147 41954
55001 78387 85738
55101 78261 84452
55201 17699 24413
55301 3578 71677
55401 8436 60425
55501 24874 66272
55601 45726 57986
55701 75920 91243
55801 49809 84637
55901 68347 93043
56001 48733 75967
56101 7640 10528
56201 12828 63302
56301 26657 67359
56401 21918 41134
56501 41003 60605
56601 56491 85578
56701 14981 77930
56801 10571 60014
56901 40854 77682
57001 18158 54060
57101 17565 84279
57201 40522 63748
57301 33828 61009
57401 10757 63674
57501 32065 51619
57601 62421 83996
57701 12890 87070
57801 39392 57095
57901 3947 84615
58001 45042 98713
58101 8351 87591
58201 24452 56311
58301 1193 5305
58401 62597 97790
58501 5548 27677
58601 31860 48939
58701 33362 71437
58801 22081 97884
58901 23751 94434
59001 31962 57362
59101 32136 74341
59201 1858 58638
59301 14220 26116
59401 47507 53905
59501 26558 63492
59601 50463 98494
59701 43572 82875
59801 13155 21137
59901 10815 34175
60001 55626 83055
60101 541 98021
60201 16291 30011
60301 19444 55148
60401 30315 65620
60501 28659 37795
60601 11025 43556
60701 25895 72199
60801 23551 98788
60901 47271 80578
61001 49457 75765
61101 33699 43270
61201 14317 48262
61301 41496 44701
61401 38772 63446
61501 82991 85590
61601 11618 80834
61701 60321 83841
61801 42255 85801
61901 36988 80964
62001 3173 19477
62101 5339 63138
62201 35219 59927
62301 9255 46195
62401 57380 67631
62501 34616 88276
62601 52538 69305
62701 32041 75716
62801 6623 21557
62901 406 97599
63001 54889 70234
63101 17807 41999
63201 26154 40140
63301 53065 55485
63401 35457 45746
63501 20145 95262
63601 87882 93824
63701 57136 62410
63801 39534 41837
63901 44051 55670
64001 11773 39642
64101 43347 48993
64201 9738 50458
64301 73856 75086
64401 45303 81949
64501 49987 53568
64601 72597 79357
64701 27905 49931
64801 16331 48076
64901 57537 77988
65001 5534 52182
65101 64305 87958
65201 19389 92318
65301 57959 87954
65401 14997 91521
65501 3811 46276
65601 29401 39128
65701 29713 68721
65801 5911 22913
65901 63301 63357
66001 33574 65584
66101 48009 64177
66201 5073 77113
66301 41426 62063
66401 5205 52726
66501 21347 52939
66601 33689 65497
66701 23612 44727
66801 15827 16069
66901 46710 73107
67001 298 41934
67101 18893 37018
67201 23687 58812
67301 51525 77863
67401 67417 98181
67501 76685 84366
67601 35323 98928
67701 37168 95966
67801 65068 80062
67901 39977 82213
68001 42138 54904
68101 16416 67445
68201 1297 27887
68301 64388 82710
68401 6237 29295
68501 14955 29065
68601 31778 94146
68701 11233 42148
68801 48545 92485
68901 3464 83838
69001 10330 44548
69101 18239 38140
69201 44981 55766
69301 29398 85035
69401 4591 46212
69501 64045 74443
69601 12614 40849
69701 60824 77456
69801 45197 47416
69901 4763 65997
70001 4185 17372
70101 54666 76064
70201 49421 73557
70301 51660 64884
70401 6158 37425
70501 38050 60083
70601 4670 79513
70701 29494 77972
70801 43227 91075
70901 89652 95317
71001 42454 51903
71101 6762 85892
71201 17274 78421
71301 16547 84101
71401 17368 40953
71501 43425 81433
71601 41961 58574
71701 69000 96326
71801 42338 74367
71901 76522 82045
72001 19893 41171
72101 41273 46457
72201 85595 90758
72301 56076 56600
72401 34588 95592
72501 46169 75905
72601 12382 70981
72701 36441 88832
72801 23558 38852
72901 8098 46959
73001 42529 52652
73101 14799 23061
73201 27351 90275
73301 47358 73921
73401 19933 84404
73501 22540 89370
73601 66571 93671
73701 21918 88282
73801 17208 81678
73901 2473 24521
74001 1015 86607
74101 33673 92468
74201 27051 39281
74301 6015 32852
74401 35565 37767
74501 10426 97904
74601 14456 43100
74701 45577 58883
74801 13756 87198
74901 60000 68396
75001 50302 72553
75101 96839 99623
75201 27727 58415
75301 34227 93932
75401 8001 90985
75501 7715 74962
75601 43515 88186
75701 442 26142
75801 6394 15772
75901 45065 76941
76001 15811 35942
76101 73079 93035
76201 43979 61684
76301 88939 95527
76401 23300 71495
76501 48263 65563
76601 15695 27829
76701 1802 49161
76801 31028 36494
76901 48940 97173
77001 31760 42943
77101 4220 69395
77201 10086 20078
77301 1787 76022
77401 6384 73505
77501 61086 70686
77601 32372 81653
77701 16658 82894
77801 67195 91458
77901 27395 58903
78001 53135 97844
78101 65461 95058
78201 85310 98892
78301 12206 63105
78401 8537 91391
78501 3433 26000
78601 25869 48575
78701 6288 20026
78801 35198 96154
78901 15956 50115
79001 47723 59174
79101 72396 83892
79201 8740 61312
79301 35506 95876
79401 17808 98049
79501 24444 98838
79601 27595 97175
79701 37888 76036
79801 9589 46855
79901 42181 84122
80001 58183 88664
80101 21233 48706
80201 57545 63046
80301 8609 69951
80401 50260 72860
80501 5064 95374
80601 49212 56583
80701 37598 48821
80801 51515 88329
80901 6606 42193
81001 17289 82976
81101 901 33150
81201 24498 63897
81301 81897 90751
81401 82998 87184
81501 20620 44691
81601 8178 61759
81701 17621 73789
81801 29317 35077
81901 7582 14674
82001 87552 88281
82101 62554 81108
82201 58517 61515
82301 85199 94492
82401 20942 62795
82501 17774 39604
82601 2640 21733
82701 14960 88699
82801 22232 92281
82901 42096 46519
83001 97644 99199
83101 39629 42570
83201 6389 69619
83301 55899 59579
83401 51354 51444
83501 7333 17591
83601 10014 13051
83701 12693 31920
83801 36478 87111
83901 25039 78238
84001 34319 60294
84101 78971 82775
84201 634 89770
84301 30792 57981
84401 29406 60963
84501 48111 94278
84601 49755 86704
84701 20518 78705
84801 30729 77940
84901 62141 90015
85001 16847 44555
85101 13500 98907
85201 82480 96517
85301 258 68426
85401 55581 75280
85501 70241 84312
85601 3043 14576
85701 59698 90375
85801 76267 79648
85901 25672 25828
86001 1183 17452
86101 32769 92459
86201 6000 72824
86301 27837 31056
86401 6770 10956
86501 64361 88466
86601 41349 75047
86701 88783 96179
86801 13527 22304
86901 57790 93535
87001 51002 90166
87101 7178 52835
87201 21982 50946
87301 53278 86644
87401 34012 34055
87501 57277 71942
87601 33157 94058
87701 82149 99417
87801 2482 69579
87901 18417 25150
88001 50082 67259
88101 72489 93790
88201 4366 49957
88301 19067 69632
88401 36241 51700
88501 8509 90787
88601 73756 79612
88701 54446 87730
88801 17135 97575
88901 33193 67404
89001 9723 61480
89101 65925 85106
89201 18379 82576
89301 47258 90170
89401 77190 90647
89501 6802 84435
89601 12106 98222
89701 39673 67451
89801 67710 86155
89901 76553 82721
90001 53840 55761
90101 25726 48129
90201 23689 94738
90301 557 64978
90401 59286 76609
90501 29025 61181
90601 25981 61013
90701 36589 55815
90801 40264 78586
90901 15889 69090
91001 37089 81410
91101 31879 91577
91201 28781 45738
91301 42177 58428
91401 52969 61346
91501 53496 90667
91601 30114 58217
91701 52615 86076
91801 59377 91193
91901 36678 61624
92001 92706 93651
92101 33702 94620
92201 27100 66638
92301 19260 52443
92401 22954 53387
92501 66012 73365
92601 15447 74764
92701 14165 74546
92801 47597 67048
92901 30977 87253
93001 31607 57031
93101 59213 80788
93201 8654 47719
93301 88781 90366
93401 45895 50353
93501 7804 59378
93601 28306 94454
93701 3585 68231
93801 6172 22269
93901 58550 88785
94001 75988 85551
94101 30900 94498
94201 11368 89463
94301 66055 94645
94401 8190 48680
94501 54512 83361
94601 52623 68039
94701 37915 54535
94801 13702 29822
94901 4908 49022
95001 19102 64821
95101 42836 84222
95201 43144 47206
95301 35557 72598
95401 43933 55547
95501 63966 81284
95601 24072 85377
95701 50708 63572
95801 23890 90273
95901 11209 68324
96001 28733 32593
96101 52119 72666
96201 8155 42019
96301 41717 45027
96401 2860 84376
96501 61132 92695
96601 9154 13763
96701 35422 89331
96801 30055 77444
96901 71314 83274
97001 32439 99202
97101 7862 29832
97201 11895 98983
97301 6852 69651
97401 37938 41121
97501 33669 44346
97601 52225 89229
97701 79366 83941
97801 11668 20938
97901 43092 58919
98001 64444 66421
98101 40194 63196
98201 30061 88174
98301 42238 43287
98401 64348 66826
98501 19227 20181
98601 38611 85291
98701 32218 56172
98801 53413 76880
98901 23733 44054
99001 31989 74991
99101 63551 84505
99201 6434 12481
99301 47962 56449
99401 9441 64430
99501 7080 56968
99601 64968 68144
99701 16432 54558
99801 22163 63648
99901 1348 3791
