100
1 482 5665
101 1027 1839
201 548 1604
301 1688 6722
401 5350 9284
501 7966 8609
601 3364 3853
701 4126 6706
801 3386 9654
901 5464 5550
1001 3545 6332
1101 733 2026
1201 5669 5752
1301 1750 3178
1401 7580 8440
1501 179 6527
1601 3514 5881
1701 2322 5629
1801 1300 8319
1901 2365 7329
2001 5353 5830
2101 1870 2876
2201 1875 5195
2301 6076 6671
2401 6814 7205
2501 7712 8912
2601 9122 9146
2701 615 2225
2801 5758 5963
2901 680 951
3001 1624 2264
3101 5267 8057
3201 5157 5394
3301 2607 9794
3401 6411 9874
3501 536 9702
3601 2460 5948
3701 4094 7902
3801 662 942
3901 4132 6787
4001 2329 2390
4101 1867 3206
4201 4491 9564
4301 709 2450
4401 4635 8008
4501 366 3704
4601 4416 7679
4701 603 1898
4801 4750 8934
4901 3005 9646
5001 2132 4416
5101 3359 4401
5201 2533 5378
5301 9026 9141
5401 1145 5959
5501 8145 9415
5601 6364 9831
5701 3788 9394
5801 917 6996
5901 3740 4566
6001 1066 4124
6101 3380 8167
6201 599 2594
6301 511 1419
6401 737 1508
6501 1489 6546
6601 4600 9107
6701 285 5416
6801 1624 6177
6901 577 9710
7001 1492 8628
7101 764 5928
7201 232 7419
7301 2193 6243
7401 1200 7894
7501 4417 7527
7601 2490 3346
7701 1189 3881
7801 4874 8098
7901 652 9114
8001 5320 7325
8101 716 5232
8201 200 5615
8301 3692 4137
8401 808 9241
8501 2460 5820
8601 2612 9396
8701 4571 7977
8801 7609 8015
8901 3619 7189
9001 5645 8843
9101 1822 9411
9201 704 4185
9301 439 3297
9401 2569 3872
9501 6204 9979
9601 1286 9547
9701 4199 5381
9801 5407 5429
9901 6654 8580
