100
1 2996 6459
101 2810 7647
201 1963 4264
301 879 2160
401 8210 9090
501 879 3621
601 1816 9561
701 739 6137
801 7568 7959
901 2149 5755
1001 952 6772
1101 767 4245
1201 4845 8236
1301 3215 3756
1401 4079 5900
1501 6356 6691
1601 712 5230
1701 594 9591
1801 720 3947
1901 2076 3058
2001 5158 6050
2101 6910 7753
2201 1557 3076
2301 4053 7068
2401 1024 3040
2501 6991 7615
2601 4040 9894
2701 4424 5381
2801 2586 3165
2901 7017 7905
3001 2966 4077
3101 6570 9372
3201 6584 8598
3301 977 7500
3401 4359 6501
3501 1274 6751
3601 4708 9608
3701 1434 7362
3801 318 3602
3901 3876 8668
4001 1874 5543
4101 2495 2992
4201 357 5878
4301 3774 5059
4401 6741 9263
4501 4503 7273
4601 7 8026
4701 4709 9792
4801 2916 6241
4901 3221 6703
5001 2250 5213
5101 1924 4566
5201 683 9944
5301 806 2091
5401 9280 9553
5501 1880 1974
5601 4908 7303
5701 5269 6777
5801 3962 5889
5901 316 8217
6001 845 1930
6101 6318 9936
6201 1333 2837
6301 3402 8262
6401 6032 8187
6501 4284 5652
6601 1686 6104
6701 6027 9207
6801 690 3517
6901 528 8388
7001 5055 8129
7101 2773 9717
7201 1610 4027
7301 1116 7976
7401 5625 5771
7501 5516 6905
7601 5663 7695
7701 1584 6274
7801 9089 9369
7901 5412 6226
8001 6884 8621
8101 5754 5891
8201 7782 9159
8301 936 8361
8401 5041 5590
8501 742 6519
8601 2857 3221
8701 6331 9149
8801 6359 9743
8901 2711 8171
9001 2735 9073
9101 2074 6728
9201 4687 9194
9301 2370 3612
9401 456 9302
9501 3 9580
9601 8948 9974
9701 1577 3953
9801 3929 6722
9901 2481 6993
