100
1 4355 7557
101 2583 2674
201 1681 3373
301 5182 7316
401 1091 1123
501 281 292
601 6905 8763
701 3998 5814
801 5754 8811
901 5357 5943
1001 2078 7601
1101 4990 9106
1201 732 5580
1301 7272 9778
1401 1557 4311
1501 1657 7294
1601 7794 9578
1701 3619 9796
1801 1988 9259
1901 2207 5367
2001 5085 7252
2101 723 8694
2201 2688 5380
2301 2679 2736
2401 570 3892
2501 638 1514
2601 3701 6593
2701 285 5342
2801 5047 6991
2901 3866 9426
3001 2141 9559
3101 3937 9668
3201 2016 5922
3301 1112 3403
3401 4867 8681
3501 4559 8392
3601 3750 9439
3701 275 5837
3801 1599 2119
3901 7340 8614
4001 8626 9647
4101 4569 7235
4201 1499 8058
4301 3221 9140
4401 6646 7217
4501 4964 5237
4601 1802 9070
4701 7535 9490
4801 688 3566
4901 3066 6192
5001 1031 3257
5101 4235 8981
5201 5657 8933
5301 1289 7365
5401 5979 6409
5501 252 575
5601 1255 4357
5701 4704 6269
5801 2868 5101
5901 5692 7528
6001 552 9281
6101 3546 7105
6201 1971 8220
6301 5426 5471
6401 2034 5861
6501 1536 7390
6601 976 8006
6701 2826 8192
6801 5708 8974
6901 796 1834
7001 1564 8905
7101 5276 6032
7201 2522 3129
7301 5232 5473
7401 1041 9568
7501 5940 8379
7601 4003 9615
7701 1484 2952
7801 2891 6126
7901 5031 7231
8001 5185 9214
8101 1834 7192
8201 3297 8377
8301 3480 4686
8401 4569 9250
8501 4226 9280
8601 435 4290
8701 3876 4865
8801 6533 7944
8901 1621 4616
9001 4425 6613
9101 2654 8951
9201 4730 7865
9301 4440 4685
9401 1582 7563
9501 8162 8628
9601 1761 2219
9701 2772 8559
9801 866 6233
9901 272 3247
