100
1 4218 8621
101 5235 9875
201 817 5263
301 1113 2546
401 1514 1868
501 1566 5542
601 4095 7138
701 7964 9778
801 7268 8060
901 4102 8716
1001 5256 9833
1101 2837 7693
1201 8825 9593
1301 45 243
1401 3245 9499
1501 3165 9670
1601 2179 2225
1701 1455 9267
1801 2986 8844
1901 3247 4192
2001 6218 9745
2101 913 9730
2201 536 3331
2301 874 9497
2401 372 8471
2501 2775 5079
2601 2203 5244
2701 3697 4090
2801 702 9158
2901 2921 5129
3001 1440 6139
3101 3941 8562
3201 3806 6141
3301 5400 7194
3401 4470 6422
3501 2279 8502
3601 3852 6264
3701 2771 7380
3801 7180 9001
3901 3033 9709
4001 1345 7957
4101 6349 9832
4201 696 6776
4301 5067 8934
4401 722 7779
4501 193 5413
4601 2854 5935
4701 3846 6261
4801 1339 7938
4901 1926 5573
5001 2314 2333
5101 4316 9614
5201 4745 7674
5301 4294 8139
5401 4683 6811
5501 3598 4065
5601 2791 5225
5701 1863 8356
5801 3404 6682
5901 3810 6408
6001 6765 7275
6101 2692 2781
6201 4446 7965
6301 1472 7238
6401 2787 7833
6501 569 6396
6601 1308 8017
6701 1581 6244
6801 3897 6700
6901 6540 7304
7001 3280 3490
7101 363 8666
7201 6534 9061
7301 474 3737
7401 3155 9250
7501 6019 8733
7601 2902 6166
7701 3917 7563
7801 1367 6408
7901 7952 9632
8001 3521 9470
8101 2394 3640
8201 4570 6744
8301 87 6847
8401 8177 8198
8501 2421 8972
8601 2838 4021
8701 6482 8050
8801 2447 7992
8901 6214 6410
9001 677 8023
9101 5360 6393
9201 6227 7344
9301 4949 9440
9401 4717 5826
9501 3473 4846
9601 945 2531
9701 282 4632
9801 641 8464
9901 1910 6156
