1000
1 781 2972
11 337 942
21 1189 9020
31 4454 8672
41 7019 8230
51 4391 7454
61 233 2109
71 8343 8694
81 8868 9752
91 1830 3027
101 3181 7121
111 6246 7482
121 2456 9517
131 3081 4339
141 2542 3785
151 5971 9636
161 4625 5778
171 5405 6295
181 1699 6430
191 2902 9299
201 3291 7136
211 3917 5404
221 714 1502
231 2470 4481
241 293 8217
251 426 6819
261 4363 5986
271 4452 9925
281 475 3173
291 2644 3397
301 7753 9031
311 1295 6611
321 1907 5325
331 3938 7486
341 2097 7545
351 479 4106
361 1272 3828
371 2213 8360
381 3695 4671
391 1327 9287
401 2236 2577
411 7111 9802
421 4326 9039
431 6208 6424
441 1565 4051
451 5713 9622
461 5311 5534
471 6433 9017
481 1518 6939
491 4293 7616
501 3114 8471
511 377 2567
521 1201 6183
531 448 695
541 797 1099
551 3746 9899
561 1660 9432
571 2428 6762
581 5103 6394
591 2761 6555
601 2096 9986
611 6746 7765
621 3194 4345
631 2691 2853
641 251 2348
651 5417 6824
661 1433 1760
671 214 7777
681 5622 5840
691 137 5148
701 8497 8936
711 457 6591
721 125 9592
731 2514 6784
741 7129 9550
751 3895 4298
761 651 2400
771 1526 5543
781 3933 4855
791 1722 5666
801 3522 5689
811 645 1694
821 7954 8014
831 2203 5026
841 3009 4086
851 923 4033
861 6254 6437
871 2303 8831
881 4129 6732
891 3417 6708
901 5982 6780
911 3153 6912
921 1932 6373
931 4251 8802
941 591 4659
951 154 3954
961 6636 8917
971 4227 8197
981 2416 5619
991 559 5306
1001 1706 1736
1011 1992 5981
1021 8074 9774
1031 2992 3084
1041 1499 7657
1051 6561 8265
1061 4299 6612
1071 2383 9516
1081 3902 5146
1091 3813 5187
1101 9082 9733
1111 1566 6624
1121 7057 7232
1131 812 1534
1141 1490 5518
1151 3952 4584
1161 1626 3603
1171 612 5175
1181 1447 9114
1191 3319 5750
1201 3899 8074
1211 2047 5695
1221 3719 8031
1231 558 2597
1241 4361 5777
1251 8864 9410
1261 897 6591
1271 768 6861
1281 2867 7329
1291 1000 8038
1301 4204 6552
1311 4947 6790
1321 96 4355
1331 1328 8660
1341 455 897
1351 719 3261
1361 266 9087
1371 7634 9939
1381 646 4340
1391 6600 9169
1401 6353 7507
1411 4180 7472
1421 620 9092
1431 1501 3516
1441 363 6907
1451 3582 8692
1461 6357 7991
1471 8633 9939
1481 1720 3835
1491 9061 9527
1501 2954 8516
1511 4528 6296
1521 201 2241
1531 5412 7281
1541 1866 8779
1551 4405 7392
1561 2930 8075
1571 4933 9714
1581 5935 9261
1591 8048 8334
1601 4471 5443
1611 3849 8036
1621 4315 7900
1631 1331 7968
1641 1519 5438
1651 6688 8590
1661 1992 7598
1671 4093 7240
1681 664 9519
1691 2369 4425
1701 2271 6525
1711 3774 4388
1721 3540 8481
1731 5492 9794
1741 5115 8279
1751 4435 7510
1761 5194 6998
1771 5351 7060
1781 2313 3785
1791 2869 3214
1801 8145 8709
1811 1042 6651
1821 1243 8259
1831 7713 9064
1841 5233 7022
1851 2095 8900
1861 3801 4664
1871 5793 9400
1881 3095 9138
1891 6297 8223
1901 4276 9357
1911 3973 9493
1921 6073 9778
1931 6943 9445
1941 1561 4672
1951 5461 5876
1961 3108 8565
1971 1018 7259
1981 5700 7267
1991 4108 4591
2001 4093 9408
2011 766 9119
2021 3699 5887
2031 4401 5872
2041 1982 7617
2051 8296 8462
2061 1875 3309
2071 4571 5944
2081 5362 9028
2091 2815 6687
2101 3692 5637
2111 9037 9631
2121 1912 9508
2131 763 2393
2141 14 6264
2151 4083 6469
2161 2216 8954
2171 7111 7114
2181 2344 6178
2191 7018 9866
2201 2568 9010
2211 4079 5524
2221 8363 8627
2231 3407 9856
2241 6827 8303
2251 3765 8550
2261 2470 7935
2271 3548 9123
2281 5167 6497
2291 512 5428
2301 5558 8849
2311 5157 5500
2321 768 2002
2331 8530 9370
2341 4750 8755
2351 1836 7136
2361 78 5743
2371 4380 6867
2381 1491 5401
2391 1787 5479
2401 492 5901
2411 3080 5928
2421 3904 7671
2431 6812 8087
2441 1701 7887
2451 312 6060
2461 2671 5644
2471 1715 5293
2481 4162 7654
2491 1183 7375
2501 6037 6327
2511 689 1242
2521 5365 9274
2531 1832 5660
2541 1585 4052
2551 4331 9131
2561 4156 5029
2571 1069 5652
2581 8034 9182
2591 2351 4571
2601 3482 8649
2611 4679 5918
2621 3389 4404
2631 5306 8582
2641 1415 6197
2651 34 6593
2661 9363 9945
2671 1208 2375
2681 4347 7954
2691 6499 8416
2701 4580 7440
2711 3335 6057
2721 214 9380
2731 7355 9754
2741 3559 6022
2751 3954 6191
2761 5364 9359
2771 2798 4592
2781 164 8849
2791 165 7295
2801 3872 5102
2811 4858 9450
2821 2568 5755
2831 1201 5082
2841 4075 8088
2851 688 1437
2861 8178 8714
2871 1060 3276
2881 1429 7014
2891 924 7350
2901 3564 8514
2911 4147 8939
2921 264 6619
2931 5312 7558
2941 197 7261
2951 4583 7659
2961 3187 3317
2971 3886 6893
2981 3070 3712
2991 5002 6914
3001 1893 4297
3011 3044 3302
3021 1060 6339
3031 493 725
3041 3692 3834
3051 6382 6406
3061 3100 9486
3071 2288 8502
3081 2532 5707
3091 6781 7089
3101 2918 7976
3111 7460 9759
3121 2867 6561
3131 3019 6015
3141 3802 6620
3151 819 6932
3161 4864 6677
3171 3375 5763
3181 9129 9604
3191 19 1608
3201 4204 6692
3211 3733 4809
3221 1650 7844
3231 161 713
3241 7774 8807
3251 1737 3347
3261 1490 9526
3271 3182 6170
3281 3372 5286
3291 1512 8217
3301 5449 9814
3311 84 9116
3321 6061 7430
3331 6372 7280
3341 8148 9076
3351 1573 2284
3361 2838 3552
3371 336 5489
3381 2770 3523
3391 5558 7959
3401 1364 6245
3411 5685 6376
3421 859 950
3431 8457 8821
3441 7344 9359
3451 2804 2974
3461 6410 8057
3471 1333 7045
3481 763 1990
3491 147 7408
3501 79 6784
3511 1591 3746
3521 4607 8659
3531 19 1622
3541 1054 2284
3551 3435 6133
3561 1424 6928
3571 691 2792
3581 870 4725
3591 634 6267
3601 784 6296
3611 2757 7441
3621 4641 8255
3631 3581 6191
3641 4080 7714
3651 5963 8767
3661 1527 2628
3671 4399 5797
3681 1261 9938
3691 7425 9196
3701 61 9049
3711 5080 5471
3721 4874 9754
3731 1610 6474
3741 7462 7820
3751 2319 7552
3761 3510 4908
3771 336 4266
3781 610 8925
3791 2675 2880
3801 2626 9911
3811 2300 3851
3821 4335 4768
3831 5729 9750
3841 5282 7982
3851 1807 7296
3861 1539 9601
3871 7506 8580
3881 6943 9742
3891 5959 8673
3901 3982 4913
3911 1345 6957
3921 642 1447
3931 554 8005
3941 1777 8574
3951 5094 5794
3961 5621 7292
3971 3482 7463
3981 949 7670
3991 3028 6373
4001 3676 5901
4011 8471 9433
4021 3046 7867
4031 672 6893
4041 1234 8353
4051 5298 6790
4061 6902 8984
4071 7167 7506
4081 2055 6608
4091 507 4983
4101 2674 5152
4111 3579 7142
4121 993 4963
4131 5106 8758
4141 67 7730
4151 4122 4771
4161 2833 2890
4171 1937 5301
4181 50 5412
4191 1602 3192
4201 714 8207
4211 3609 3685
4221 6901 9559
4231 2167 3091
4241 4899 8004
4251 2580 2979
4261 206 388
4271 2716 5224
4281 1416 3276
4291 1439 1786
4301 2309 9729
4311 2220 6069
4321 267 7970
4331 419 7381
4341 5191 9808
4351 2176 5667
4361 2346 5738
4371 1459 7205
4381 4181 8793
4391 1419 7933
4401 8128 9616
4411 35 2294
4421 2806 5075
4431 3371 6086
4441 2293 4521
4451 5142 7457
4461 910 8138
4471 819 946
4481 1544 5725
4491 3769 5388
4501 1316 4892
4511 7771 8915
4521 1094 9945
4531 5629 6403
4541 1348 6333
4551 1109 3060
4561 3 4088
4571 3473 7010
4581 9361 9914
4591 6797 7992
4601 6970 7451
4611 6999 9948
4621 1820 6853
4631 380 5091
4641 3736 6402
4651 188 7597
4661 945 4787
4671 1171 3734
4681 680 4970
4691 4465 9117
4701 2989 6157
4711 866 9191
4721 85 329
4731 3498 7906
4741 910 9963
4751 1826 4130
4761 5424 9028
4771 6414 9918
4781 2264 7198
4791 2871 9542
4801 1404 3685
4811 402 6488
4821 5883 9983
4831 2860 7149
4841 290 617
4851 2092 5407
4861 1898 4250
4871 1803 3582
4881 1090 3720
4891 2794 5391
4901 3852 8751
4911 3670 9677
4921 3638 5258
4931 3173 3366
4941 3851 8142
4951 2675 4888
4961 5286 5361
4971 5916 6846
4981 8009 8351
4991 4763 7452
5001 686 5821
5011 3442 8933
5021 4949 6190
5031 3161 4722
5041 1601 8320
5051 3571 8740
5061 4181 9357
5071 6885 8227
5081 4350 5656
5091 3310 6796
5101 7746 8074
5111 5108 7775
5121 1031 4964
5131 6426 6880
5141 1643 4079
5151 416 3898
5161 1914 3938
5171 7243 9163
5181 951 4619
5191 3506 5277
5201 4388 8570
5211 2234 9407
5221 2630 7043
5231 3168 5716
5241 5684 9242
5251 1224 3134
5261 929 5763
5271 4745 5753
5281 7346 7986
5291 1488 2998
5301 5683 8781
5311 8708 9875
5321 6949 8147
5331 1720 5794
5341 79 9719
5351 676 7130
5361 440 8634
5371 4794 7528
5381 3625 4887
5391 1652 2851
5401 88 2464
5411 1638 3097
5421 1832 8170
5431 5960 7901
5441 2324 5438
5451 6408 8205
5461 4508 6361
5471 3358 7144
5481 4344 9359
5491 4431 7293
5501 833 6523
5511 4093 8137
5521 1626 3790
5531 1732 7835
5541 8153 8169
5551 4268 8718
5561 2282 4528
5571 4 9111
5581 1933 3223
5591 5255 7706
5601 1112 2841
5611 5870 9033
5621 3285 8457
5631 156 1090
5641 3685 3879
5651 3044 3831
5661 198 7438
5671 2201 8507
5681 2579 3482
5691 1819 9729
5701 5680 5764
5711 2307 7177
5721 3921 7129
5731 448 606
5741 3599 9981
5751 7094 9504
5761 1432 2836
5771 5655 7429
5781 2052 9595
5791 2816 9670
5801 342 8797
5811 3222 5746
5821 7601 8282
5831 2570 5492
5841 5263 9158
5851 875 8392
5861 5899 6645
5871 2158 9674
5881 4018 6653
5891 5764 8082
5901 8547 9711
5911 786 1773
5921 688 9106
5931 2594 3651
5941 745 921
5951 1954 4072
5961 6772 7304
5971 2461 6451
5981 1919 3239
5991 3704 9503
6001 8066 8447
6011 6850 8935
6021 1154 7976
6031 4516 6603
6041 3060 7308
6051 41 5373
6061 5472 6717
6071 3529 8474
6081 735 4941
6091 3169 4835
6101 3671 9747
6111 4758 6481
6121 868 7929
6131 6841 8248
6141 1394 2089
6151 2384 6078
6161 2702 8918
6171 955 7177
6181 2444 5969
6191 1867 5112
6201 837 6635
6211 7903 8161
6221 3189 5687
6231 4167 4563
6241 2614 2947
6251 6803 7830
6261 1378 7825
6271 8180 8340
6281 2464 7800
6291 6887 9914
6301 2458 9284
6311 2776 2824
6321 4805 6238
6331 596 2454
6341 44 3713
6351 5906 8754
6361 3398 9754
6371 1086 8547
6381 8877 9460
6391 2647 2831
6401 5510 9897
6411 921 7319
6421 1146 1201
6431 5688 9579
6441 908 4745
6451 5727 7508
6461 512 9473
6471 2322 6019
6481 1875 3003
6491 8104 8673
6501 8211 8913
6511 203 9377
6521 324 6080
6531 3587 7112
6541 6435 7609
6551 1730 4675
6561 1046 6004
6571 2911 4035
6581 528 7345
6591 4342 6065
6601 6279 8127
6611 4001 8241
6621 1594 6752
6631 2046 6536
6641 3679 5345
6651 1447 5084
6661 11 2240
6671 2018 6646
6681 1168 3267
6691 3122 3314
6701 3345 9037
6711 6468 9259
6721 410 6754
6731 8760 9516
6741 1457 8095
6751 6262 7495
6761 739 7519
6771 2041 2708
6781 1693 2329
6791 748 965
6801 3644 6822
6811 618 7838
6821 3055 5367
6831 2182 2418
6841 3785 8928
6851 6344 8518
6861 86 7874
6871 36 2885
6881 660 9396
6891 1750 5392
6901 3822 5738
6911 4381 4992
6921 7940 7993
6931 1861 9455
6941 3841 4940
6951 6235 8438
6961 2100 3212
6971 204 244
6981 142 5416
6991 1074 2463
7001 4859 5212
7011 3722 7081
7021 1265 8356
7031 1857 9079
7041 6004 8295
7051 3835 9746
7061 4173 5771
7071 588 4117
7081 4904 6091
7091 2673 3018
7101 831 5997
7111 7297 9544
7121 2926 8805
7131 1221 6295
7141 3250 4174
7151 481 8694
7161 839 4513
7171 9030 9504
7181 5484 7120
7191 5128 9569
7201 2828 5106
7211 881 2308
7221 2766 4234
7231 5515 6022
7241 729 5823
7251 632 4267
7261 2581 6291
7271 1005 9968
7281 3196 7984
7291 4869 9566
7301 5594 7791
7311 3659 7345
7321 6103 6765
7331 4250 4863
7341 5100 7527
7351 1692 4583
7361 3370 9225
7371 355 7377
7381 369 7533
7391 3853 8305
7401 6813 7645
7411 7093 7719
7421 5055 8906
7431 942 7833
7441 1265 9563
7451 7439 9965
7461 529 3735
7471 4129 9400
7481 1500 5933
7491 52 2054
7501 1610 5313
7511 289 6959
7521 572 1944
7531 2696 7701
7541 7233 9534
7551 6589 7077
7561 3622 7106
7571 4924 5607
7581 53 3568
7591 1335 8223
7601 284 2349
7611 5936 7442
7621 3548 8237
7631 3754 9961
7641 6560 9867
7651 1210 3288
7661 5377 9114
7671 4252 9313
7681 6717 8013
7691 455 4661
7701 4828 9385
7711 4086 9265
7721 4892 5050
7731 2708 6378
7741 6538 7774
7751 1981 5641
7761 1610 2016
7771 3967 5469
7781 2465 5950
7791 2672 4699
7801 7650 9398
7811 962 7193
7821 41 1028
7831 7048 9454
7841 3483 4073
7851 6586 9988
7861 9679 9693
7871 2269 4359
7881 1198 3882
7891 1218 7358
7901 2942 8704
7911 4097 8220
7921 2124 5974
7931 2331 6164
7941 414 8725
7951 4892 9713
7961 1635 8377
7971 250 9134
7981 3399 7482
7991 1368 2856
8001 5587 6925
8011 1962 7796
8021 415 4129
8031 6605 9721
8041 6564 8644
8051 3426 5643
8061 3028 5560
8071 6987 9607
8081 128 885
8091 1968 9714
8101 1341 1403
8111 3129 4491
8121 3590 6000
8131 1305 9545
8141 729 4012
8151 2474 7937
8161 2586 5325
8171 2024 4555
8181 7656 9682
8191 5095 5811
8201 2457 3329
8211 5774 8309
8221 4112 6909
8231 4598 8838
8241 6744 7400
8251 2686 7871
8261 1916 6464
8271 4460 4559
8281 120 3369
8291 4663 5863
8301 4316 7274
8311 6596 8880
8321 8473 8842
8331 4581 7324
8341 5798 8683
8351 2698 8910
8361 671 3431
8371 4608 5741
8381 5845 6542
8391 2000 8382
8401 5681 9641
8411 5550 7929
8421 3841 4236
8431 87 7108
8441 1717 3712
8451 500 1858
8461 239 2036
8471 4250 9132
8481 3483 7277
8491 4660 6955
8501 2396 2692
8511 1411 5171
8521 5204 6669
8531 8441 9527
8541 7824 9205
8551 2380 6396
8561 5431 9601
8571 2919 6501
8581 4900 7557
8591 780 2373
8601 6327 6538
8611 6600 8769
8621 2179 4227
8631 6598 7082
8641 4216 5667
8651 5427 8839
8661 3473 9941
8671 2616 7506
8681 3247 5914
8691 1849 7377
8701 4405 6148
8711 6769 8912
8721 1722 1801
8731 6007 8176
8741 5430 6049
8751 226 284
8761 2465 9366
8771 7921 8536
8781 6046 7981
8791 7285 7411
8801 5643 8656
8811 1530 8206
8821 1590 9939
8831 6078 7363
8841 4314 6500
8851 4959 6438
8861 6326 7607
8871 3376 5462
8881 2665 5789
8891 4718 7209
8901 7292 9350
8911 1874 3509
8921 1521 7446
8931 4940 6583
8941 2912 6775
8951 3173 4904
8961 3571 8393
8971 2686 7969
8981 143 4036
8991 9160 9377
9001 856 2760
9011 1825 4851
9021 7224 9653
9031 6214 8742
9041 744 2379
9051 7729 9962
9061 3500 7589
9071 525 1014
9081 2636 2865
9091 1708 9467
9101 5128 7489
9111 5293 9482
9121 1125 1729
9131 1508 9491
9141 5167 6835
9151 7952 9498
9161 5111 6760
9171 2319 3592
9181 3458 8625
9191 1917 8025
9201 6923 8352
9211 2638 3322
9221 3316 4889
9231 3918 7981
9241 5545 7082
9251 142 9638
9261 6415 9880
9271 7551 7842
9281 2150 6687
9291 741 7936
9301 465 6267
9311 880 6143
9321 4431 8874
9331 17 3718
9341 4876 8696
9351 2640 9419
9361 4681 5636
9371 648 1076
9381 257 2167
9391 4271 4754
9401 6789 8218
9411 2552 9763
9421 3964 5034
9431 190 4720
9441 1792 2050
9451 2300 5764
9461 4776 8112
9471 4693 5714
9481 5181 9111
9491 8747 9245
9501 1246 5389
9511 372 5268
9521 598 9510
9531 1395 9280
9541 6006 9432
9551 407 1823
9561 4690 5253
9571 1768 8353
9581 4673 5258
9591 4459 8399
9601 343 7519
9611 465 6530
9621 2272 5479
9631 360 8770
9641 9455 9735
9651 5448 9281
9661 1375 2261
9671 2108 5354
9681 1958 8991
9691 7476 8644
9701 1861 8527
9711 7770 9394
9721 5801 8476
9731 2500 8479
9741 4581 6815
9751 2093 6741
9761 75 3248
9771 6467 8883
9781 3024 5585
9791 978 1639
9801 5184 8847
9811 8080 8750
9821 2017 8290
9831 7448 9777
9841 2136 3079
9851 1923 8358
9861 3002 6719
9871 4734 7111
9881 959 5652
9891 882 9075
9901 922 8215
9911 4771 5524
9921 210 986
9931 3167 7755
9941 4056 7016
9951 2537 2691
9961 2913 6178
9971 2200 6424
9981 4380 4988
9991 2793 6742
