1000
1 2769 3977
11 4332 7680
21 1270 7496
31 1084 7449
41 6537 9333
51 234 3685
61 151 2972
71 5288 9504
81 6288 6336
91 1938 2951
101 3005 9892
111 6860 7263
121 8920 9590
131 332 4085
141 8424 9611
151 8027 9303
161 5481 7728
171 6008 6522
181 545 7233
191 3915 8000
201 2505 6696
211 2174 6478
221 8531 9381
231 1872 5562
241 7267 9238
251 5 9403
261 2330 4212
271 4458 7498
281 5347 9811
291 2947 4747
301 3116 6750
311 5508 8331
321 1643 4867
331 3654 6816
341 6128 8804
351 2584 4289
361 1079 7737
371 1907 4804
381 2037 4733
391 3208 5692
401 1047 6993
411 9197 9344
421 934 2607
431 5229 5781
441 4123 5070
451 848 6420
461 2253 3761
471 4676 8238
481 4024 8799
491 773 1699
501 125 951
511 5726 6670
521 6248 9581
531 5039 6291
541 5831 6812
551 162 4320
561 780 3224
571 5538 9474
581 209 4327
591 5437 7069
601 2856 3838
611 815 960
621 1708 8138
631 3663 7677
641 5016 8944
651 1706 6177
661 2638 9268
671 6262 8309
681 3413 9543
691 1787 2549
701 1317 3990
711 258 9520
721 6139 9728
731 3355 7533
741 2302 6296
751 545 9668
761 2333 6001
771 1196 9926
781 3829 5775
791 1562 7456
801 5217 6053
811 7028 7781
821 5106 8368
831 3475 8823
841 7892 8770
851 6405 7655
861 79 8141
871 3009 8042
881 3903 7961
891 5078 6524
901 1918 6364
911 5563 5836
921 990 1158
931 2860 3628
941 496 1461
951 2288 5658
961 6498 8702
971 149 7594
981 1806 2179
991 929 2512
1001 5593 9169
1011 3952 8938
1021 1815 2815
1031 7009 7117
1041 5827 8071
1051 552 8855
1061 969 7656
1071 750 5526
1081 1424 9169
1091 2886 7074
1101 6023 9944
1111 1231 9165
1121 936 8838
1131 1408 8385
1141 2756 6168
1151 5932 6067
1161 2866 7882
1171 3230 3897
1181 2228 5895
1191 305 7587
1201 3502 8270
1211 5085 7035
1221 4534 6163
1231 1182 9745
1241 1279 6823
1251 1555 9495
1261 50 4496
1271 3384 9512
1281 4465 6301
1291 4041 6499
1301 205 7969
1311 1427 4560
1321 1027 6321
1331 3070 5363
1341 2550 2927
1351 1794 6829
1361 7680 8493
1371 4414 8939
1381 1293 8052
1391 5362 7408
1401 2960 8831
1411 6055 8349
1421 6783 8397
1431 7522 8616
1441 549 1865
1451 283 3767
1461 6527 9505
1471 2926 5358
1481 3883 6105
1491 7101 7907
1501 550 4240
1511 1287 5606
1521 4257 6126
1531 1095 9227
1541 7520 7802
1551 2639 7947
1561 1513 9906
1571 1264 7120
1581 1752 2150
1591 4329 6171
1601 7017 7369
1611 2070 6896
1621 1948 7686
1631 3745 8084
1641 2533 4336
1651 3355 5839
1661 1474 4054
1671 2376 2912
1681 6569 7773
1691 3728 8784
1701 4030 7040
1711 2305 2602
1721 1773 4553
1731 1511 6687
1741 2775 9154
1751 5117 6814
1761 295 1360
1771 4430 5009
1781 6015 9439
1791 2615 7596
1801 2103 5124
1811 72 7489
1821 3311 5273
1831 3877 8514
1841 1857 6334
1851 5017 5108
1861 5637 8166
1871 5154 6718
1881 4950 6084
1891 1531 5125
1901 2031 5718
1911 717 2596
1921 3343 5467
1931 6936 7816
1941 3062 5350
1951 92 4932
1961 4667 6377
1971 764 8996
1981 7145 9112
1991 6460 8874
2001 5528 9905
2011 1742 4898
2021 866 6020
2031 1339 7541
2041 141 8973
2051 1126 7896
2061 4007 7196
2071 3165 7317
2081 6513 9283
2091 2312 9255
2101 1065 2189
2111 7616 8238
2121 6409 7626
2131 6511 9631
2141 5219 9595
2151 1973 3511
2161 357 9546
2171 5479 6183
2181 4351 7509
2191 8693 8978
2201 5350 7498
2211 3250 6911
2221 3582 7399
2231 1386 4180
2241 2617 9183
2251 1750 7282
2261 2725 7658
2271 222 608
2281 456 7458
2291 4924 8832
2301 2406 4609
2311 311 1082
2321 6116 9803
2331 4299 6789
2341 81 8075
2351 1989 8167
2361 2743 9661
2371 360 4568
2381 4158 8473
2391 483 7850
2401 7011 9241
2411 2885 6904
2421 6186 8278
2431 5075 6881
2441 2449 7605
2451 668 3934
2461 3962 5658
2471 8967 9856
2481 4882 7884
2491 604 1937
2501 6850 9241
2511 6877 9090
2521 88 9071
2531 1250 9779
2541 1272 7193
2551 9829 9940
2561 2462 8542
2571 3088 5291
2581 1703 2609
2591 6199 7831
2601 1777 6256
2611 5018 7682
2621 750 3370
2631 1618 7492
2641 2809 3013
2651 467 3579
2661 948 1990
2671 8224 8664
2681 2053 9046
2691 4992 5205
2701 1534 9743
2711 1710 6621
2721 847 6865
2731 9 9607
2741 6467 8212
2751 3222 8470
2761 1018 3213
2771 4013 4014
2781 3757 3925
2791 1693 9989
2801 4683 9449
2811 2559 5046
2821 3968 5856
2831 2487 7577
2841 2031 5295
2851 4479 7327
2861 1410 7513
2871 5464 8289
2881 2775 4859
2891 4712 4826
2901 871 3324
2911 5390 7777
2921 1741 3414
2931 5041 6555
2941 924 8626
2951 7419 7918
2961 1882 7069
2971 4808 9064
2981 3798 9924
2991 334 1411
3001 5559 5562
3011 3022 3806
3021 1985 8596
3031 537 6732
3041 6242 7932
3051 6270 8781
3061 6683 7853
3071 2 3246
3081 3753 9561
3091 2798 5445
3101 4080 4709
3111 1646 7660
3121 1288 2474
3131 89 8764
3141 306 2387
3151 2512 8711
3161 768 1067
3171 1195 9887
3181 2385 5492
3191 2754 6514
3201 2883 7384
3211 4904 6231
3221 869 7726
3231 7332 8210
3241 5534 8271
3251 1306 9086
3261 4977 9958
3271 7118 7955
3281 1756 2221
3291 7049 9852
3301 1648 8057
3311 4432 8742
3321 6354 6748
3331 1018 9296
3341 710 7465
3351 915 6980
3361 7715 8030
3371 795 9795
3381 2775 8710
3391 3941 5817
3401 114 5606
3411 3781 4862
3421 4781 4921
3431 1484 4480
3441 1195 1725
3451 5651 9150
3461 63 8982
3471 4359 8140
3481 3463 7338
3491 3599 4411
3501 84 4105
3511 2360 3666
3521 234 412
3531 3169 6579
3541 941 5662
3551 4954 7413
3561 1025 3898
3571 6545 7057
3581 7311 9894
3591 6763 8061
3601 8318 9734
3611 5635 9598
3621 7318 9680
3631 3784 9432
3641 6085 9012
3651 5885 6576
3661 51 5468
3671 5543 8516
3681 417 9684
3691 7007 9942
3701 1725 3454
3711 1394 9541
3721 4114 8299
3731 60 1429
3741 935 8319
3751 4509 6815
3761 9116 9772
3771 4531 5569
3781 7779 8461
3791 2343 4928
3801 2585 4906
3811 2355 5020
3821 3524 7955
3831 6219 7281
3841 74 9475
3851 691 7452
3861 5388 7827
3871 4272 9811
3881 1511 5064
3891 3525 5226
3901 4303 9073
3911 2800 6750
3921 1449 5524
3931 1146 3424
3941 4040 9523
3951 3712 6254
3961 2490 9078
3971 2380 5817
3981 350 9729
3991 7130 8797
4001 1619 6135
4011 4195 7839
4021 7419 8194
4031 100 7541
4041 5587 8801
4051 7155 9057
4061 4774 9290
4071 4817 8536
4081 7962 8454
4091 2220 2280
4101 4084 6151
4111 824 8773
4121 6320 8004
4131 990 3057
4141 2988 5575
4151 249 8563
4161 3756 6651
4171 3819 8625
4181 823 8943
4191 9764 9807
4201 4660 7330
4211 5971 6467
4221 1335 7532
4231 3168 9135
4241 525 3616
4251 1573 3259
4261 1156 8655
4271 5854 8607
4281 1680 2125
4291 8159 9351
4301 274 8228
4311 267 860
4321 4455 4807
4331 18 6126
4341 1597 6094
4351 819 9941
4361 1002 8690
4371 3676 8584
4381 967 4641
4391 433 504
4401 5595 7164
4411 1955 3172
4421 337 4272
4431 5644 7533
4441 2426 7891
4451 5647 5861
4461 2373 9751
4471 1379 8035
4481 1725 6992
4491 4931 5739
4501 4769 5912
4511 3382 6537
4521 5604 6533
4531 2988 8641
4541 8254 9118
4551 677 3501
4561 1836 3711
4571 1039 9547
4581 5585 6347
4591 2230 6141
4601 3960 4162
4611 7748 7937
4621 2119 4985
4631 1516 7981
4641 7394 8101
4651 6817 7617
4661 441 8870
4671 3367 9876
4681 1721 2458
4691 3832 6649
4701 6645 9178
4711 8618 9528
4721 6429 8874
4731 3303 8019
4741 7045 9332
4751 3311 3899
4761 5350 8758
4771 4241 7334
4781 6466 7657
4791 503 6186
4801 3625 6662
4811 2388 9058
4821 1529 6899
4831 3810 6150
4841 5299 9175
4851 53 8046
4861 7634 9468
4871 925 6373
4881 5636 6934
4891 1643 8831
4901 6540 6835
4911 2863 7066
4921 5354 6158
4931 1964 3546
4941 4518 6029
4951 2851 9526
4961 3051 3950
4971 883 5602
4981 3046 5524
4991 2301 4670
5001 1818 6391
5011 1313 2783
5021 1214 1461
5031 3058 4707
5041 2716 3042
5051 6763 7325
5061 1003 8851
5071 1367 9949
5081 5388 8488
5091 4638 7707
5101 2740 3402
5111 4051 9751
5121 5911 7876
5131 8244 8445
5141 4540 5561
5151 3126 3793
5161 459 5319
5171 2161 4296
5181 1732 8252
5191 3094 6557
5201 2027 9872
5211 570 2568
5221 1237 7788
5231 3109 6161
5241 2531 3223
5251 5441 9015
5261 470 3327
5271 3148 5427
5281 6550 7379
5291 8308 8755
5301 8169 8809
5311 3630 6909
5321 4471 8561
5331 1335 6545
5341 3148 5824
5351 3147 6523
5361 4907 7645
5371 347 2910
5381 4647 7469
5391 2148 2853
5401 2598 8651
5411 4966 8232
5421 7529 9781
5431 1819 9396
5441 1683 7288
5451 51 8918
5461 2469 6288
5471 758 5511
5481 272 3012
5491 3070 5752
5501 554 1157
5511 1226 7713
5521 6778 7842
5531 1197 8379
5541 2604 8840
5551 1167 8902
5561 184 5175
5571 1304 3215
5581 188 2018
5591 2524 6125
5601 7567 9488
5611 3438 6216
5621 1737 8537
5631 1321 4241
5641 3419 9620
5651 1823 4011
5661 5997 7070
5671 9204 9506
5681 212 5748
5691 5329 8861
5701 8947 9343
5711 380 503
5721 6237 9355
5731 3148 3809
5741 160 9370
5751 947 8112
5761 4659 4991
5771 7284 7292
5781 3093 3620
5791 828 9721
5801 5636 9829
5811 2283 4996
5821 1173 4131
5831 1436 7268
5841 1188 5725
5851 3499 7804
5861 2437 7943
5871 1080 6990
5881 165 6439
5891 903 2528
5901 3428 7730
5911 805 7441
5921 4414 5573
5931 4975 8492
5941 1297 2229
5951 3751 7833
5961 3412 5356
5971 1517 8049
5981 1312 2510
5991 6559 9773
6001 1977 6089
6011 2150 7823
6021 1715 9334
6031 8222 8601
6041 2503 3100
6051 6692 7446
6061 3544 3963
6071 2197 9859
6081 5017 8058
6091 2220 7099
6101 8577 8586
6111 7802 9064
6121 2529 8862
6131 1971 4343
6141 3984 8695
6151 4159 7184
6161 4428 8709
6171 1583 8699
6181 5938 9146
6191 7424 7944
6201 2480 7860
6211 1010 7762
6221 1990 3836
6231 2913 4759
6241 4299 4819
6251 9287 9752
6261 7018 8410
6271 3294 6289
6281 253 8027
6291 8136 8196
6301 5948 9157
6311 190 6074
6321 4547 5972
6331 4247 6730
6341 7221 9914
6351 2822 9378
6361 769 6846
6371 3737 8182
6381 3368 8992
6391 28 2105
6401 384 1042
6411 1113 4776
6421 5341 7281
6431 2349 4480
6441 4807 9486
6451 1468 3089
6461 1975 5563
6471 3652 3678
6481 7443 8973
6491 4936 6242
6501 1023 3903
6511 2488 4273
6521 2628 9556
6531 4156 9921
6541 4511 4528
6551 7557 9015
6561 1731 4954
6571 4706 7950
6581 3690 7130
6591 3154 3851
6601 6060 7896
6611 2339 7696
6621 2372 8601
6631 398 4901
6641 5498 5598
6651 311 5687
6661 660 2186
6671 4782 6151
6681 890 6352
6691 5895 8349
6701 2061 9236
6711 391 432
6721 5614 8016
6731 4608 8843
6741 3561 3903
6751 124 2060
6761 85 8832
6771 79 4571
6781 1142 4972
6791 1867 4805
6801 3756 7005
6811 1141 1734
6821 3006 7822
6831 2382 8414
6841 3499 5136
6851 4722 8711
6861 5144 6710
6871 3001 9522
6881 3400 9203
6891 1505 8976
6901 1139 9814
6911 5136 7839
6921 678 2935
6931 6420 8519
6941 368 2082
6951 8982 9433
6961 8473 9934
6971 3899 4580
6981 4219 7876
6991 3038 9714
7001 6016 7432
7011 1921 5558
7021 3760 5914
7031 4003 6598
7041 144 7049
7051 1372 6635
7061 1327 7116
7071 3522 5166
7081 489 5443
7091 1027 8017
7101 532 1669
7111 1455 9591
7121 22 8622
7131 8155 9800
7141 2278 8506
7151 3715 9952
7161 105 5376
7171 5207 6773
7181 6863 8663
7191 3949 9526
7201 1914 3454
7211 512 5986
7221 4760 6308
7231 4793 6144
7241 4079 4683
7251 3847 5240
7261 3959 6977
7271 1971 2949
7281 5832 6802
7291 4383 9738
7301 1893 3169
7311 2890 8061
7321 1547 5103
7331 3269 8745
7341 3283 6806
7351 1749 2510
7361 8409 8810
7371 5144 5800
7381 5329 6606
7391 1129 3890
7401 208 3969
7411 6067 9660
7421 2755 3627
7431 3152 9469
7441 2937 6879
7451 1980 5487
7461 4695 7748
7471 4285 6882
7481 4827 8268
7491 1719 4870
7501 3741 4052
7511 6508 9862
7521 7531 9571
7531 8337 9375
7541 1054 8616
7551 35 6996
7561 4827 5662
7571 7684 9144
7581 855 3194
7591 7608 8583
7601 4981 6656
7611 6478 9221
7621 2819 8410
7631 8092 8332
7641 3327 4367
7651 1259 6975
7661 4054 8699
7671 2913 5649
7681 4416 4843
7691 2275 9522
7701 6045 7175
7711 4785 7123
7721 3498 7877
7731 1628 8296
7741 4075 4881
7751 1217 7641
7761 8440 9029
7771 3284 5716
7781 4595 8322
7791 7643 8884
7801 4450 4732
7811 5357 5938
7821 8312 8821
7831 554 4634
7841 1174 4122
7851 998 6198
7861 2096 3949
7871 7344 8374
7881 6902 8987
7891 2132 5506
7901 61 6294
7911 4134 9683
7921 4265 4592
7931 2385 7942
7941 2602 3410
7951 3192 9869
7961 1895 2859
7971 2032 5059
7981 6606 9927
7991 6116 8603
8001 6274 9996
8011 4792 8818
8021 3421 8535
8031 1936 4676
8041 3320 6508
8051 1868 6045
8061 1891 8963
8071 2054 4414
8081 7466 8599
8091 3779 8401
8101 275 5603
8111 1122 3361
8121 3863 6438
8131 5399 9368
8141 1689 5276
8151 1712 7899
8161 4096 9710
8171 5290 7832
8181 1241 7009
8191 1342 4344
8201 385 2807
8211 7136 8589
8221 4779 9422
8231 3863 9391
8241 2958 5816
8251 577 6382
8261 3570 6918
8271 708 1274
8281 5490 8813
8291 3189 8163
8301 2661 4904
8311 4101 9352
8321 363 2098
8331 4132 4406
8341 769 8545
8351 3603 5823
8361 129 4748
8371 1832 5513
8381 6288 8279
8391 5438 6997
8401 1647 3928
8411 7231 9413
8421 2386 7334
8431 4888 6183
8441 5 3781
8451 688 7037
8461 3507 6969
8471 346 9685
8481 3816 9834
8491 1676 9336
8501 1058 2098
8511 703 4455
8521 5883 9031
8531 1506 8672
8541 5898 7795
8551 2341 3780
8561 6743 8886
8571 1505 8211
8581 8926 9364
8591 5356 6619
8601 1716 9647
8611 5861 8104
8621 146 2037
8631 8073 8753
8641 5010 6467
8651 1211 4150
8661 29 5793
8671 8624 9367
8681 1964 8175
8691 2742 8820
8701 6047 8354
8711 1742 6280
8721 376 7853
8731 3578 7401
8741 1251 6104
8751 4425 6751
8761 3506 7106
8771 3887 4449
8781 178 7446
8791 3131 3237
8801 2790 5133
8811 4673 8047
8821 1644 9676
8831 1103 1531
8841 7038 9668
8851 759 9003
8861 432 6381
8871 4474 8477
8881 2478 8696
8891 1053 8844
8901 8582 9745
8911 5432 8819
8921 3120 3557
8931 338 5153
8941 1658 7067
8951 5871 9743
8961 1188 9608
8971 3442 7291
8981 693 4830
8991 4659 5926
9001 4116 8861
9011 7495 9356
9021 117 8554
9031 6014 8347
9041 2627 6719
9051 1140 5981
9061 446 2389
9071 2747 8478
9081 4635 7303
9091 2322 5146
9101 465 4961
9111 3364 3871
9121 8701 9641
9131 4570 9573
9141 2334 6817
9151 998 3872
9161 33 2144
9171 6205 9189
9181 7209 8481
9191 3582 4941
9201 1778 7343
9211 1893 9198
9221 15 4719
9231 3138 8070
9241 529 810
9251 3782 5129
9261 1012 3004
9271 6666 7462
9281 6002 9237
9291 4590 7639
9301 2128 3821
9311 4550 8756
9321 4030 9737
9331 247 9197
9341 1664 8958
9351 9516 9944
9361 1241 4759
9371 1450 7752
9381 1687 7101
9391 1661 8311
9401 5067 5663
9411 6507 9121
9421 2377 8017
9431 1900 9733
9441 4639 7056
9451 1174 7850
9461 2461 5673
9471 5156 7238
9481 1422 2801
9491 5757 9695
9501 1346 9580
9511 2290 3571
9521 1838 5139
9531 3731 6227
9541 853 1807
9551 4422 8613
9561 3627 4031
9571 398 4503
9581 6639 9849
9591 4184 6834
9601 6579 8200
9611 3046 9098
9621 1796 4841
9631 865 4184
9641 1064 8011
9651 6654 7664
9661 4395 6106
9671 741 3841
9681 6196 8856
9691 8262 9073
9701 513 4294
9711 4026 9395
9721 3622 5579
9731 6508 8294
9741 187 7328
9751 6838 7913
9761 264 8157
9771 707 7655
9781 3542 6622
9791 4343 5750
9801 2181 5193
9811 3691 5421
9821 1094 7151
9831 5791 8150
9841 339 5307
9851 3779 5267
9861 300 9638
9871 6209 6231
9881 1380 5274
9891 1 8431
9901 1958 4472
9911 2311 9094
9921 4734 8484
9931 1183 1703
9941 4130 8790
9951 4247 5259
9961 6129 8005
9971 946 7942
9981 5842 7663
9991 2660 7695
