1000
1 330 6928
11 1345 6691
21 1296 1745
31 638 5121
41 8387 8523
51 5874 9302
61 3295 5285
71 1419 3922
81 5776 6957
91 3784 8198
101 4533 7139
111 4528 9756
121 1828 9755
131 566 2524
141 4446 7277
151 5514 9556
161 496 1764
171 1055 7559
181 5344 5684
191 2454 7248
201 4459 5560
211 5187 8933
221 7305 9269
231 3489 8844
241 986 7463
251 1976 8258
261 7349 9303
271 1977 8360
281 2702 7557
291 2255 7786
301 2954 8000
311 3653 6172
321 3067 9338
331 649 2780
341 292 1525
351 564 3709
361 9558 9700
371 5285 8473
381 3337 4761
391 6956 8375
401 5924 8101
411 4899 6120
421 3739 7067
431 2274 8954
441 2513 5775
451 994 5888
461 4552 9029
471 1339 3298
481 2688 2882
491 1037 9347
501 2028 7474
511 1725 2231
521 2365 4573
531 666 5292
541 2225 9130
551 8153 9889
561 5500 6646
571 924 9840
581 7620 8703
591 499 6553
601 3218 4690
611 4110 8193
621 546 8502
631 4597 9912
641 31 7899
651 2001 5804
661 2461 3241
671 2186 4545
681 1543 2659
691 5257 8242
701 1837 3250
711 4828 9602
721 6825 8976
731 3247 7410
741 4639 6779
751 7285 9235
761 1569 6641
771 3055 9970
781 518 6835
791 5741 7390
801 7295 9552
811 2946 9149
821 1065 1597
831 7813 8053
841 4439 6471
851 7461 8781
861 5069 9563
871 949 7678
881 2984 3251
891 6373 7218
901 1634 5148
911 584 7903
921 4561 6022
931 2264 2272
941 2840 3344
951 530 2840
961 2721 7071
971 5333 5960
981 5571 7784
991 1398 8753
1001 790 1808
1011 8789 8803
1021 2081 4733
1031 6839 7972
1041 1086 5570
1051 1002 7226
1061 3326 3666
1071 1759 6651
1081 3101 5090
1091 2922 4490
1101 8277 9257
1111 555 5810
1121 81 4886
1131 3053 8454
1141 2565 3199
1151 4529 6569
1161 1762 5160
1171 1666 5083
1181 7475 9869
1191 4273 5470
1201 712 2039
1211 2236 9948
1221 1120 4704
1231 3267 5147
1241 1668 5721
1251 7105 8811
1261 6856 8720
1271 1566 3195
1281 7443 7671
1291 4771 6796
1301 510 9277
1311 669 1398
1321 3860 4291
1331 3002 8614
1341 4427 6161
1351 4962 8659
1361 3953 9626
1371 3928 7886
1381 3368 9073
1391 3524 8972
1401 822 2063
1411 1579 3702
1421 2267 2521
1431 2500 9838
1441 106 3483
1451 2939 7434
1461 2358 3765
1471 3742 6418
1481 2908 4964
1491 6396 9676
1501 4578 9837
1511 3943 6376
1521 672 4740
1531 7655 7841
1541 2248 3755
1551 2387 3710
1561 3330 8253
1571 1290 4094
1581 2464 3936
1591 604 4104
1601 2201 7702
1611 118 9916
1621 1020 3105
1631 2457 8070
1641 4886 6370
1651 3581 5519
1661 4218 5155
1671 1054 4789
1681 3232 7002
1691 7669 7880
1701 5794 9652
1711 8663 8916
1721 2107 2768
1731 2501 9376
1741 4805 8568
1751 9769 9803
1761 1989 9469
1771 70 3434
1781 2181 7266
1791 6571 6656
1801 1822 1989
1811 6027 8436
1821 1814 6643
1831 99 2986
1841 2153 3439
1851 890 2212
1861 7404 8726
1871 4785 8751
1881 2876 4412
1891 866 5161
1901 1882 3059
1911 1649 4386
1921 5508 5843
1931 1430 7972
1941 1029 9500
1951 4730 8231
1961 5065 8771
1971 1337 7219
1981 852 988
1991 723 4993
2001 1744 6922
2011 2255 6008
2021 7670 9765
2031 6576 7070
2041 938 7732
2051 1033 3913
2061 49 1345
2071 5414 6504
2081 4191 9934
2091 4590 6000
2101 1162 1745
2111 5016 9891
2121 485 6156
2131 5175 9938
2141 7334 9267
2151 3449 8645
2161 6739 7888
2171 405 1148
2181 238 9597
2191 231 4092
2201 1002 3605
2211 2089 8846
2221 1398 1773
2231 3528 6977
2241 8779 9443
2251 43 1424
2261 292 3826
2271 2750 6231
2281 349 4829
2291 711 1024
2301 2707 9625
2311 1022 5432
2321 1144 9506
2331 7658 9941
2341 6611 8686
2351 776 9203
2361 4024 8659
2371 3822 5590
2381 6243 8499
2391 993 2080
2401 1420 9417
2411 5475 8462
2421 3672 5221
2431 909 1803
2441 2225 9470
2451 2830 4873
2461 5098 7916
2471 8454 9709
2481 1320 5696
2491 1396 6231
2501 3104 6344
2511 6545 9489
2521 1408 8827
2531 3724 4909
2541 1609 9639
2551 6896 9255
2561 645 3130
2571 2173 6766
2581 676 1312
2591 651 5807
2601 3905 9822
2611 617 9750
2621 950 7707
2631 4519 6807
2641 3416 9916
2651 5023 9866
2661 3168 9732
2671 1191 9461
2681 7143 7658
2691 952 8523
2701 8 1762
2711 1613 3294
2721 5558 9067
2731 477 5185
2741 4555 8033
2751 13 8109
2761 3989 6470
2771 954 2806
2781 4655 5341
2791 5153 5258
2801 4739 9888
2811 6766 8879
2821 2216 9359
2831 4852 5666
2841 2132 5058
2851 6246 7856
2861 3879 7447
2871 2488 6367
2881 588 8251
2891 5720 6931
2901 1546 6930
2911 3982 4835
2921 6068 9938
2931 1475 1695
2941 2078 8546
2951 1933 7190
2961 3745 5973
2971 970 2419
2981 1475 6144
2991 2167 7368
3001 2685 5079
3011 5616 7146
3021 9611 9748
3031 1314 2192
3041 116 6420
3051 981 5605
3061 1135 5894
3071 2841 8338
3081 2490 7668
3091 2697 7784
3101 1428 9321
3111 789 4971
3121 8280 9583
3131 2575 3113
3141 3354 9949
3151 231 6095
3161 3491 5167
3171 874 5898
3181 5065 9452
3191 3951 4674
3201 503 2368
3211 111 4377
3221 498 9479
3231 2533 4584
3241 1836 3217
3251 1569 6935
3261 5087 6331
3271 6967 7780
3281 1936 9772
3291 1872 5721
3301 453 7612
3311 3960 6754
3321 63 2118
3331 5845 6683
3341 9588 9808
3351 3079 9506
3361 4333 4539
3371 1238 4155
3381 1023 3424
3391 8200 8299
3401 1954 4876
3411 6333 6842
3421 6313 7551
3431 7207 7339
3441 2531 4928
3451 6475 8158
3461 5593 8898
3471 3660 9555
3481 954 9846
3491 5867 6317
3501 1332 9318
3511 7634 9212
3521 1785 8720
3531 340 610
3541 5971 8518
3551 6380 9725
3561 3140 9120
3571 2665 8574
3581 7197 8161
3591 5386 7776
3601 5641 5693
3611 2823 5163
3621 6117 7014
3631 617 5908
3641 3297 5743
3651 2500 4604
3661 4625 8974
3671 1604 6758
3681 487 2774
3691 5460 8736
3701 3416 8431
3711 232 4655
3721 5122 6838
3731 7866 9438
3741 4047 7560
3751 5721 5796
3761 6146 6419
3771 321 7061
3781 1428 5921
3791 3055 6305
3801 2288 7530
3811 156 4869
3821 2029 3979
3831 4052 4142
3841 4828 6274
3851 2603 3894
3861 5491 6807
3871 5137 8338
3881 537 1268
3891 9081 9600
3901 5061 7863
3911 337 8099
3921 5420 6107
3931 304 4884
3941 8173 9434
3951 2152 9535
3961 8939 9287
3971 4026 7655
3981 161 7897
3991 1638 6794
4001 5994 8550
4011 1275 4907
4021 898 1474
4031 2047 5509
4041 423 9291
4051 1547 9392
4061 2184 8992
4071 3691 6017
4081 1622 8626
4091 5166 5315
4101 1615 6339
4111 2011 5164
4121 5945 8345
4131 3425 7618
4141 2843 2960
4151 5375 5779
4161 7473 9734
4171 353 2045
4181 760 2803
4191 5814 8274
4201 5245 7289
4211 785 6073
4221 3160 4601
4231 7202 9788
4241 8712 9392
4251 5382 7954
4261 5649 9809
4271 92 9799
4281 8684 9889
4291 1943 8416
4301 7535 9278
4311 9023 9175
4321 7188 9452
4331 5707 6057
4341 4521 7479
4351 3635 5752
4361 1162 2940
4371 827 4149
4381 2244 9764
4391 2522 7530
4401 2977 5165
4411 361 9127
4421 7225 7866
4431 1702 7889
4441 3033 6812
4451 566 6564
4461 287 2080
4471 1999 6996
4481 1375 2897
4491 1893 3773
4501 2676 2948
4511 3729 3793
4521 5852 6525
4531 5434 9780
4541 891 7757
4551 638 7427
4561 3424 3939
4571 1054 2873
4581 3660 7317
4591 310 1631
4601 715 6826
4611 1684 6671
4621 2599 8877
4631 4519 6598
4641 1609 6246
4651 6778 9390
4661 469 892
4671 3257 5450
4681 3219 4809
4691 8861 9680
4701 5059 5806
4711 276 2332
4721 5079 5741
4731 923 6242
4741 1964 7667
4751 4286 8030
4761 6279 7263
4771 4076 9757
4781 1298 5633
4791 2965 7316
4801 6970 7239
4811 1678 5013
4821 2372 3356
4831 2389 7912
4841 3823 4032
4851 954 7658
4861 1931 5539
4871 284 3534
4881 5701 9188
4891 6957 9022
4901 1740 5298
4911 2272 2856
4921 318 5662
4931 5254 7830
4941 967 1838
4951 7266 7985
4961 7708 9622
4971 376 2352
4981 6936 7707
4991 4292 9087
5001 2965 8148
5011 775 7450
5021 2079 5598
5031 1370 4354
5041 30 4776
5051 763 1931
5061 1025 9846
5071 599 1158
5081 3975 4554
5091 5011 9728
5101 772 1157
5111 2081 8590
5121 1507 9247
5131 4821 9277
5141 2382 2529
5151 3464 6076
5161 574 5573
5171 5391 7891
5181 4050 8442
5191 800 9224
5201 1362 9193
5211 4307 8088
5221 7405 8691
5231 9807 9853
5241 2599 7767
5251 1190 7563
5261 833 3000
5271 5486 6633
5281 1081 3187
5291 1213 3567
5301 6305 7077
5311 4985 6012
5321 4867 6362
5331 8069 8270
5341 7414 9843
5351 780 9932
5361 1961 9937
5371 7135 9768
5381 1849 5357
5391 5588 5950
5401 4927 4991
5411 1215 8664
5421 6328 9937
5431 819 8729
5441 5119 7604
5451 4496 6032
5461 2033 2509
5471 34 9611
5481 4432 9372
5491 8645 9111
5501 105 2440
5511 1223 9632
5521 4980 6822
5531 5658 6674
5541 5438 6452
5551 3895 4606
5561 8740 8887
5571 6893 9637
5581 1597 2619
5591 2430 4488
5601 4805 6199
5611 411 8888
5621 7663 8781
5631 6834 7707
5641 3619 4125
5651 917 7395
5661 8532 9997
5671 7276 8633
5681 6571 8990
5691 1875 9514
5701 8194 9919
5711 4013 4821
5721 4220 7672
5731 2847 4771
5741 4359 7138
5751 4582 8172
5761 7241 9507
5771 3679 3849
5781 4420 8875
5791 6747 8691
5801 6642 8700
5811 3332 5352
5821 8179 9746
5831 114 5911
5841 1464 2695
5851 1553 5247
5861 4928 9332
5871 3906 4971
5881 953 8262
5891 3271 6170
5901 1531 9501
5911 6451 8384
5921 4159 6504
5931 6864 7854
5941 5727 5867
5951 166 4639
5961 611 9232
5971 4513 8007
5981 5060 7545
5991 267 4217
6001 659 5563
6011 4203 9624
6021 8913 9548
6031 6702 7615
6041 3501 8931
6051 501 6298
6061 2359 7345
6071 2945 9738
6081 1350 3740
6091 7044 7360
6101 6608 8588
6111 2163 2450
6121 7548 8521
6131 3864 6107
6141 5806 8447
6151 4716 6647
6161 6860 9593
6171 121 9920
6181 1738 7275
6191 3525 4101
6201 5039 5646
6211 3744 8871
6221 4491 7238
6231 1436 4523
6241 1955 9398
6251 7195 7395
6261 1325 1986
6271 1697 8165
6281 874 5892
6291 3232 8265
6301 4326 6413
6311 6309 9754
6321 593 8929
6331 754 995
6341 6858 8833
6351 1703 8896
6361 1521 8034
6371 1160 8152
6381 6913 9695
6391 1834 2296
6401 1340 8555
6411 2897 6104
6421 4104 5701
6431 3630 3859
6441 3288 7238
6451 6590 6688
6461 1164 6473
6471 487 5982
6481 5985 7341
6491 6100 8713
6501 3376 5517
6511 6373 7608
6521 2213 7396
6531 421 1984
6541 4894 8812
6551 1814 7551
6561 3244 8367
6571 1409 1589
6581 1533 9023
6591 969 3784
6601 244 4729
6611 2593 7234
6621 2569 6348
6631 354 1804
6641 6242 7864
6651 3 4303
6661 1431 2584
6671 1572 2959
6681 176 5886
6691 2635 3018
6701 3919 7240
6711 6148 7127
6721 6826 9148
6731 1926 7454
6741 3046 5424
6751 7928 8347
6761 4912 6246
6771 710 1160
6781 931 4042
6791 433 3557
6801 3660 8281
6811 4284 6340
6821 999 7813
6831 862 1283
6841 1379 2208
6851 432 7444
6861 5618 9974
6871 5723 9282
6881 1620 9238
6891 3617 8420
6901 1975 3085
6911 2928 9000
6921 2570 3820
6931 1530 2423
6941 657 4070
6951 4140 4714
6961 3757 5151
6971 3983 7323
6981 6054 9982
6991 2751 7055
7001 3068 8090
7011 7825 8540
7021 4546 4751
7031 6665 8860
7041 1453 5828
7051 6407 8827
7061 2492 5068
7071 3350 4167
7081 117 9470
7091 1871 4300
7101 587 6499
7111 4371 8819
7121 1560 3923
7131 5720 6930
7141 2427 8453
7151 2832 3015
7161 2379 3909
7171 5561 8136
7181 4018 9382
7191 1351 2020
7201 502 3811
7211 2270 7634
7221 6006 9316
7231 6924 8046
7241 4677 7137
7251 8538 9657
7261 3366 9268
7271 4408 8819
7281 8097 9931
7291 7207 9526
7301 5742 8605
7311 1371 6979
7321 4286 6292
7331 1279 7254
7341 7284 9006
7351 7291 9148
7361 7615 8992
7371 1747 9860
7381 4987 8873
7391 595 3934
7401 3927 5782
7411 5238 8862
7421 2399 3922
7431 91 8642
7441 195 2471
7451 6944 8296
7461 1575 7541
7471 2876 7885
7481 2953 6643
7491 3625 3836
7501 6578 8603
7511 2502 9770
7521 3602 8373
7531 159 2771
7541 6626 9148
7551 6107 9267
7561 5785 6632
7571 9131 9256
7581 2062 2626
7591 421 6594
7601 2871 5016
7611 419 9298
7621 1192 4214
7631 3395 8150
7641 1754 3216
7651 608 8027
7661 2934 9174
7671 7771 9842
7681 1015 5368
7691 1914 7656
7701 6769 8420
7711 1421 4749
7721 1641 6857
7731 679 1608
7741 1141 1771
7751 5482 7026
7761 4310 6514
7771 4590 9799
7781 486 588
7791 6430 9846
7801 594 5019
7811 15 7551
7821 4985 7792
7831 211 4111
7841 188 3134
7851 136 9481
7861 1389 7226
7871 3935 7783
7881 6386 8843
7891 6841 8693
7901 1420 8097
7911 3839 7460
7921 5235 5905
7931 4670 6151
7941 4602 6767
7951 4571 8368
7961 1382 5419
7971 262 4669
7981 2209 3096
7991 2832 7565
8001 692 6340
8011 3149 9257
8021 5273 6632
8031 4804 6614
8041 3191 6635
8051 2917 5158
8061 3864 4908
8071 3185 5144
8081 3656 6965
8091 5900 6474
8101 5940 7416
8111 4661 5431
8121 5399 6505
8131 1084 1349
8141 5061 9227
8151 8509 8940
8161 6665 8798
8171 1665 4164
8181 5073 7275
8191 9730 9870
8201 422 4040
8211 6124 6440
8221 1509 2863
8231 1420 2323
8241 304 3243
8251 2593 6774
8261 7581 7692
8271 3702 3889
8281 7823 8859
8291 5335 7523
8301 2145 5301
8311 1196 5730
8321 1772 7086
8331 273 9111
8341 3468 5787
8351 4497 8421
8361 1789 7790
8371 1756 2693
8381 5927 9976
8391 4370 7428
8401 7570 7575
8411 6763 9047
8421 4587 9454
8431 3631 4692
8441 2612 5948
8451 1472 8419
8461 5343 9521
8471 5847 9831
8481 3951 9248
8491 3891 9850
8501 191 651
8511 57 6359
8521 76 8900
8531 2741 4608
8541 2598 8758
8551 4365 9423
8561 604 8819
8571 6039 8287
8581 3695 7625
8591 888 1070
8601 577 2508
8611 920 970
8621 204 2232
8631 6562 8390
8641 6916 7965
8651 1747 4544
8661 4545 7041
8671 1424 7551
8681 3871 4043
8691 2990 4100
8701 2859 5891
8711 7214 9189
8721 1415 6038
8731 2774 7384
8741 2083 4807
8751 5148 5161
8761 256 5135
8771 5856 6601
8781 121 8289
8791 146 3611
8801 1918 3663
8811 3613 8431
8821 4234 5151
8831 806 4237
8841 1189 3292
8851 2067 6978
8861 2568 3071
8871 2011 6356
8881 740 2803
8891 3415 5913
8901 3763 7136
8911 319 4944
8921 2777 6970
8931 281 2008
8941 1936 2878
8951 4005 5199
8961 8444 8503
8971 5394 8395
8981 123 9196
8991 696 2136
9001 1691 2012
9011 2779 6976
9021 8211 8352
9031 2842 7149
9041 2932 5457
9051 1874 4679
9061 298 9400
9071 7899 8738
9081 1064 1935
9091 6285 6510
9101 621 9835
9111 3192 9080
9121 471 878
9131 136 6382
9141 2293 8059
9151 4284 7380
9161 5193 9788
9171 1356 7855
9181 645 8557
9191 1482 6555
9201 6136 8027
9211 5020 6153
9221 5463 7687
9231 58 7778
9241 6934 7836
9251 4019 5752
9261 5525 7771
9271 426 489
9281 3051 8479
9291 1120 6976
9301 1033 3007
9311 7187 7622
9321 1036 6607
9331 1713 6909
9341 2480 9565
9351 1606 7904
9361 719 905
9371 1788 8527
9381 2103 2956
9391 3569 8729
9401 4107 9664
9411 7562 8156
9421 3885 8772
9431 5015 7888
9441 998 4180
9451 3194 8357
9461 6403 8594
9471 1688 2537
9481 4397 5666
9491 192 9327
9501 3866 8516
9511 3065 4146
9521 4406 6637
9531 7389 9472
9541 434 5718
9551 1091 7269
9561 3003 4068
9571 624 9274
9581 4493 5464
9591 1877 6746
9601 1928 7301
9611 6801 8332
9621 1321 8005
9631 6918 7893
9641 2562 2685
9651 1204 6363
9661 1787 6531
9671 3682 8038
9681 5794 9898
9691 988 6892
9701 6860 9638
9711 408 9677
9721 327 9321
9731 5093 5288
9741 2914 7628
9751 8017 8972
9761 2645 2955
9771 1167 8151
9781 1760 7933
9791 469 5291
9801 1468 5278
9811 6859 8901
9821 3925 8640
9831 903 7023
9841 3448 8523
9851 2353 4451
9861 2923 3799
9871 137 2551
9881 2053 5360
9891 2198 4817
9901 678 2706
9911 7784 7807
9921 2149 2342
9931 2 9495
9941 5730 7735
9951 965 7229
9961 3933 4165
9971 7582 7818
9981 1168 2361
9991 3783 8886
