1000
1 1512 1812
11 939 8545
21 4695 7872
31 2024 3423
41 1579 9986
51 1848 3123
61 3689 6895
71 750 3034
81 5277 9860
91 1335 8848
101 3538 6245
111 5071 6389
121 1166 6428
131 1718 9353
141 1217 2402
151 6929 7510
161 5429 8171
171 1868 5855
181 6025 8055
191 3475 7940
201 4486 9697
211 3305 4561
221 2666 7603
231 877 8585
241 6426 7708
251 877 7261
261 7268 7302
271 5007 9015
281 8188 9321
291 846 4017
301 597 7675
311 395 6486
321 144 2390
331 254 1563
341 3138 9065
351 5216 7126
361 2038 3843
371 2332 9078
381 5227 8205
391 1762 7708
401 4689 7696
411 1480 7259
421 7445 8728
431 3569 5709
441 7103 8238
451 1760 9768
461 2601 7494
471 8625 9046
481 4803 6087
491 93 3261
501 2767 9361
511 8492 8943
521 2272 2377
531 8600 9688
541 1211 1613
551 1319 7468
561 7560 8583
571 537 5903
581 2231 8594
591 4452 5463
601 7124 9113
611 6145 7218
621 606 9765
631 1478 7167
641 2887 7171
651 3330 6064
661 7688 8845
671 145 7215
681 1368 3999
691 4185 6090
701 7901 8196
711 7789 7927
721 5351 9750
731 224 8632
741 537 9049
751 6050 9609
761 2141 9317
771 2850 2974
781 1128 6516
791 1337 7172
801 168 6178
811 2373 7027
821 1067 3566
831 3311 8408
841 3554 9524
851 7679 9974
861 24 2132
871 2682 8927
881 4087 9776
891 1619 2636
901 7659 9228
911 2503 4741
921 2823 5550
931 6927 8669
941 3470 9582
951 4764 6006
961 1398 7802
971 3351 3789
981 1437 7041
991 4467 5782
1001 1106 9751
1011 1294 1851
1021 2341 8234
1031 2369 8985
1041 8646 9209
1051 5622 9859
1061 7781 8538
1071 3402 6581
1081 1717 6730
1091 4607 7444
1101 5625 7192
1111 7687 9169
1121 2748 4534
1131 1793 6749
1141 8388 8658
1151 356 1316
1161 556 7768
1171 781 6893
1181 6387 9885
1191 380 2547
1201 449 1753
1211 5779 5832
1221 1988 3040
1231 7592 7878
1241 6020 7191
1251 2885 3666
1261 1216 1905
1271 5579 9114
1281 1563 9098
1291 116 3609
1301 5794 7251
1311 1223 9081
1321 5896 6676
1331 5037 9042
1341 2070 4658
1351 658 9100
1361 1774 9636
1371 17 2524
1381 585 3778
1391 912 3435
1401 1820 8344
1411 1579 5219
1421 4030 9094
1431 2809 6981
1441 3836 9495
1451 30 9067
1461 5759 7277
1471 5734 6283
1481 346 8596
1491 2962 6477
1501 4140 9595
1511 102 6596
1521 141 5897
1531 1546 6163
1541 3290 7438
1551 4245 8993
1561 1590 5707
1571 1041 2672
1581 2353 9037
1591 2460 5597
1601 4716 5111
1611 1990 6115
1621 2001 6017
1631 2821 9787
1641 4639 9018
1651 2829 7115
1661 5041 9991
1671 6434 9983
1681 8323 8458
1691 4238 5761
1701 3281 9632
1711 65 8579
1721 3158 3882
1731 1147 2507
1741 9347 9940
1751 8628 9782
1761 1704 6364
1771 5567 8248
1781 3631 6419
1791 297 1618
1801 2395 4119
1811 1274 7600
1821 1148 4880
1831 563 2145
1841 3479 9046
1851 7336 8830
1861 9058 9567
1871 5995 6512
1881 4099 4348
1891 435 3133
1901 1588 8472
1911 9367 9777
1921 1725 2190
1931 1605 3464
1941 1926 9160
1951 4228 7551
1961 5660 6407
1971 107 8400
1981 7412 9208
1991 2222 2828
2001 3502 6930
2011 5103 5215
2021 6606 9085
2031 603 8386
2041 5897 6631
2051 5986 9991
2061 3849 6396
2071 2983 5361
2081 4318 8818
2091 1675 2692
2101 4029 7633
2111 4632 6216
2121 1433 6798
2131 2983 7004
2141 7043 7823
2151 6293 6997
2161 511 7523
2171 2722 4821
2181 775 8578
2191 346 6176
2201 6595 8313
2211 4778 9399
2221 824 7424
2231 2779 6068
2241 177 1361
2251 3281 8485
2261 7544 8684
2271 3609 5661
2281 5065 8505
2291 904 2759
2301 1783 9542
2311 201 3998
2321 166 3142
2331 2110 3442
2341 1050 4906
2351 806 9267
2361 7783 8041
2371 7420 8835
2381 739 8310
2391 1465 8610
2401 2044 5043
2411 2108 6871
2421 1393 4309
2431 4609 9297
2441 2877 6339
2451 3041 6143
2461 414 7499
2471 4770 8714
2481 8098 9106
2491 7020 7288
2501 2865 7336
2511 6326 6756
2521 2896 8389
2531 2107 6255
2541 3196 6034
2551 417 9287
2561 3133 9811
2571 5113 6437
2581 37 9955
2591 2998 4493
2601 5647 7078
2611 14 392
2621 3669 9776
2631 1570 6209
2641 2800 3571
2651 3107 9068
2661 4620 5493
2671 2650 8774
2681 4081 8620
2691 1044 2760
2701 4509 9093
2711 2006 3367
2721 4099 6637
2731 1415 8536
2741 2834 8097
2751 3012 6263
2761 1034 2844
2771 110 4011
2781 9783 9894
2791 4776 5675
2801 6410 8084
2811 1893 3637
2821 6283 8466
2831 4635 6980
2841 2886 6405
2851 762 3010
2861 4028 4135
2871 8754 9569
2881 2292 6683
2891 183 6970
2901 2217 4732
2911 2150 5310
2921 4986 9366
2931 6027 6799
2941 3436 5538
2951 2645 7514
2961 5710 6437
2971 6790 7597
2981 740 2832
2991 7132 9308
3001 612 7322
3011 6116 9640
3021 2576 6392
3031 2318 2629
3041 1325 7842
3051 6215 9535
3061 5366 7928
3071 2871 6847
3081 4468 5236
3091 5701 9506
3101 3694 8503
3111 3351 3494
3121 2293 6832
3131 4495 7974
3141 4622 5585
3151 2727 8945
3161 791 9100
3171 7884 8124
3181 4157 9771
3191 2733 8790
3201 1804 6154
3211 282 1818
3221 1888 5151
3231 5561 9128
3241 6246 9314
3251 3834 5442
3261 3356 8272
3271 940 9607
3281 7373 7388
3291 581 8578
3301 692 6257
3311 6194 7148
3321 1271 4412
3331 836 2631
3341 2023 6389
3351 178 4882
3361 6154 6175
3371 4558 9333
3381 6168 9585
3391 7284 9679
3401 1037 6923
3411 6561 9691
3421 7168 9675
3431 1615 5069
3441 1536 2341
3451 4053 7677
3461 3689 4534
3471 100 6002
3481 6241 8347
3491 3637 9386
3501 2927 8419
3511 6567 9002
3521 5157 8315
3531 4031 5936
3541 338 7781
3551 2539 7546
3561 221 3169
3571 797 7543
3581 6449 7291
3591 2035 9932
3601 1270 4086
3611 1255 1393
3621 6636 9491
3631 141 7349
3641 6403 8331
3651 309 2976
3661 522 3939
3671 134 9270
3681 4690 6944
3691 6666 6914
3701 4179 6401
3711 2573 6936
3721 268 9595
3731 1100 9188
3741 4021 7062
3751 7487 8159
3761 1446 6544
3771 2118 5845
3781 1499 4648
3791 2987 9089
3801 289 9321
3811 3710 3738
3821 240 5240
3831 6048 8322
3841 2764 7619
3851 4238 7990
3861 3109 4727
3871 459 8111
3881 3264 3566
3891 4785 6875
3901 4470 6950
3911 98 3550
3921 4460 7150
3931 3168 5912
3941 2177 5090
3951 1930 4885
3961 672 3600
3971 7558 8137
3981 1815 4380
3991 7474 7529
4001 676 4966
4011 863 7068
4021 3582 8693
4031 6977 8084
4041 1114 1284
4051 1521 7980
4061 869 1590
4071 1192 5843
4081 3347 6071
4091 2050 4837
4101 1046 5968
4111 5500 9451
4121 946 4551
4131 1702 8122
4141 6570 8309
4151 1476 9748
4161 207 348
4171 2462 2498
4181 4133 4906
4191 88 3452
4201 2485 8648
4211 5274 7538
4221 1061 1353
4231 4173 4486
4241 5406 6619
4251 3692 8336
4261 500 1317
4271 923 4391
4281 685 690
4291 2609 5890
4301 223 9440
4311 1190 4018
4321 3451 5511
4331 2302 9140
4341 3 1101
4351 5810 9643
4361 1014 5233
4371 4626 8577
4381 3766 6397
4391 2768 8206
4401 1483 5091
4411 1429 8549
4421 6705 9637
4431 4208 8085
4441 1449 7979
4451 2023 3115
4461 8536 9504
4471 2571 6140
4481 8411 8971
4491 5901 7603
4501 251 1921
4511 3999 4990
4521 4562 4961
4531 4970 6916
4541 1172 9033
4551 1522 5989
4561 2981 7233
4571 3810 9617
4581 667 8899
4591 4153 9900
4601 1063 2099
4611 991 7052
4621 8660 9574
4631 511 6074
4641 6578 7748
4651 2715 8143
4661 6369 8110
4671 676 9395
4681 9046 9327
4691 5853 6673
4701 5621 9254
4711 1280 1469
4721 5210 6418
4731 422 3230
4741 1409 8832
4751 9527 9824
4761 3852 4339
4771 4224 6824
4781 6544 7261
4791 589 7480
4801 2154 7416
4811 5588 9062
4821 3765 8726
4831 1804 5927
4841 648 4247
4851 6149 6799
4861 324 9258
4871 3478 5755
4881 2357 5818
4891 2797 8754
4901 4471 5462
4911 3872 7544
4921 3146 8864
4931 318 8613
4941 36 7434
4951 1125 4477
4961 2657 7443
4971 4205 6139
4981 1670 8144
4991 104 4954
5001 2563 9909
5011 1019 8880
5021 2651 8497
5031 3168 4550
5041 4649 6115
5051 8555 9532
5061 2409 5726
5071 1363 8833
5081 4406 6669
5091 6106 6901
5101 5763 6378
5111 2434 3435
5121 3821 7765
5131 710 9432
5141 3969 6140
5151 5967 6421
5161 2080 7103
5171 3346 6174
5181 693 6746
5191 3756 9345
5201 692 5184
5211 2199 8650
5221 2294 6573
5231 4494 8882
5241 4797 9272
5251 5648 9939
5261 228 720
5271 5369 9028
5281 2214 6747
5291 807 4769
5301 1121 3651
5311 1246 1913
5321 1347 7517
5331 3793 7379
5341 7218 7349
5351 6920 7190
5361 3457 4156
5371 6717 7536
5381 2147 6610
5391 1916 2995
5401 1360 5804
5411 2394 4084
5421 2052 9692
5431 4094 4118
5441 2378 5017
5451 2993 4673
5461 4355 5505
5471 568 8673
5481 6479 9084
5491 5586 8715
5501 1235 6739
5511 2144 5799
5521 31 2054
5531 4301 9345
5541 3386 7475
5551 515 2586
5561 770 3770
5571 3100 4066
5581 6522 7214
5591 2018 3444
5601 3966 7474
5611 2331 7225
5621 7321 9966
5631 1893 7367
5641 6437 6579
5651 5122 7594
5661 3597 5992
5671 5611 9634
5681 341 4295
5691 6779 8180
5701 898 8562
5711 1143 9631
5721 167 3923
5731 4388 8576
5741 350 1159
5751 4031 9697
5761 33 7546
5771 4653 8980
5781 1681 8996
5791 985 5330
5801 7701 8651
5811 7560 8514
5821 6474 9921
5831 2238 7270
5841 7201 9646
5851 2728 3508
5861 3095 5865
5871 3068 4969
5881 3523 8829
5891 4617 4972
5901 486 8190
5911 3242 3983
5921 8439 8484
5931 2888 8646
5941 4956 7544
5951 3413 9937
5961 3141 8687
5971 8025 9442
5981 560 9273
5991 1034 8807
6001 6236 8976
6011 709 2082
6021 6991 9612
6031 1295 8571
6041 5551 5553
6051 5914 8119
6061 9020 9266
6071 8276 9864
6081 1719 4618
6091 6550 8744
6101 323 5734
6111 4536 8900
6121 3643 7667
6131 5038 5867
6141 4774 8529
6151 6361 8852
6161 5170 6575
6171 7661 8814
6181 3177 5577
6191 820 3577
6201 1277 5819
6211 1276 4651
6221 1812 4976
6231 4134 7527
6241 4506 5024
6251 1008 6009
6261 5535 7751
6271 462 4290
6281 4313 8499
6291 1011 7714
6301 640 6789
6311 2944 7157
6321 4481 8732
6331 4251 4371
6341 1829 5915
6351 5223 7528
6361 7517 8928
6371 6039 6621
6381 1895 8261
6391 2613 5533
6401 7056 9617
6411 3244 6617
6421 2553 7242
6431 281 8519
6441 2966 9201
6451 1698 2529
6461 1273 3989
6471 5464 5845
6481 2016 4667
6491 6363 9869
6501 4601 8541
6511 7024 8164
6521 2134 5380
6531 1240 6945
6541 2645 3498
6551 637 4866
6561 4122 9281
6571 5655 9913
6581 1313 7245
6591 3404 7231
6601 2089 6962
6611 1609 7327
6621 5711 8060
6631 2635 4206
6641 6541 7202
6651 4647 9501
6661 1624 2368
6671 3855 5781
6681 3142 3982
6691 6210 9754
6701 383 7944
6711 5120 5379
6721 1622 5453
6731 6434 8229
6741 574 1415
6751 105 7465
6761 3998 7016
6771 2874 4893
6781 5981 8517
6791 2934 5976
6801 111 8597
6811 4388 7615
6821 2672 8432
6831 129 6608
6841 2557 5503
6851 949 8837
6861 8244 9257
6871 7612 9945
6881 7394 9183
6891 2719 3130
6901 3299 8078
6911 8445 8596
6921 4920 8687
6931 3917 5782
6941 395 4090
6951 2850 5316
6961 938 1593
6971 3418 8005
6981 922 9361
6991 1928 9684
7001 4838 9061
7011 6005 8641
7021 334 2587
7031 6253 7345
7041 1647 4090
7051 3600 8763
7061 6516 8004
7071 897 6598
7081 4349 7051
7091 4559 4614
7101 1699 2785
7111 8509 9944
7121 5213 5890
7131 2272 7755
7141 5 4988
7151 5431 6227
7161 7412 8341
7171 4822 9125
7181 1234 9768
7191 2425 7875
7201 924 9513
7211 1621 8578
7221 282 1139
7231 9237 9817
7241 1509 2569
7251 1095 7550
7261 8893 9233
7271 1472 2530
7281 1797 7355
7291 593 690
7301 7905 8079
7311 2041 9391
7321 8189 9127
7331 898 1014
7341 158 7592
7351 6537 8077
7361 3512 4115
7371 1131 5305
7381 3291 3779
7391 3985 4451
7401 3766 4040
7411 3451 6754
7421 225 6690
7431 5439 8832
7441 6202 8987
7451 2030 6116
7461 8595 8633
7471 3060 5518
7481 4708 8009
7491 2909 9246
7501 6280 9348
7511 8132 9070
7521 1812 6255
7531 421 596
7541 7280 8816
7551 3856 4958
7561 1954 3633
7571 6316 6781
7581 23 5621
7591 8559 9717
7601 7692 9624
7611 3682 9142
7621 6402 8357
7631 1086 1788
7641 2851 7293
7651 559 2284
7661 6638 9486
7671 5487 7925
7681 7672 9140
7691 425 1138
7701 360 5138
7711 553 753
7721 51 5131
7731 7443 9364
7741 3502 8548
7751 221 6052
7761 7083 9863
7771 27 9647
7781 4632 7744
7791 2069 5605
7801 2763 3166
7811 5450 6060
7821 4758 8644
7831 1406 9224
7841 1930 5963
7851 7 5302
7861 6692 8805
7871 2352 8725
7881 912 5422
7891 1587 4152
7901 3994 9774
7911 3680 5033
7921 947 5281
7931 1952 6754
7941 6161 6670
7951 711 9427
7961 4357 8283
7971 1548 2932
7981 4123 7343
7991 2163 9308
8001 5887 6599
8011 2854 9209
8021 5050 9514
8031 4664 7373
8041 2997 5672
8051 7003 8181
8061 951 1541
8071 4094 6382
8081 384 2680
8091 998 6006
8101 7889 9572
8111 3054 5198
8121 1468 4467
8131 5489 5625
8141 2626 9656
8151 1882 4964
8161 3651 6198
8171 7204 7848
8181 31 830
8191 1978 5520
8201 849 5347
8211 509 6849
8221 1870 6609
8231 5559 7319
8241 4631 5120
8251 2826 8356
8261 3351 5254
8271 5309 5947
8281 8758 9918
8291 918 4743
8301 6662 6785
8311 1034 5469
8321 5207 9358
8331 486 9259
8341 1299 5425
8351 9573 9803
8361 7757 8036
8371 256 1359
8381 5130 8493
8391 862 8794
8401 7468 8177
8411 1335 8892
8421 24 5891
8431 652 9235
8441 5665 9622
8451 2481 7110
8461 7433 8820
8471 704 1640
8481 342 3884
8491 67 9296
8501 5311 9701
8511 6267 6310
8521 1881 9251
8531 7527 9327
8541 6391 7516
8551 3263 8163
8561 7277 8012
8571 5398 6860
8581 938 8433
8591 2028 9181
8601 1076 7224
8611 3756 9866
8621 1894 8830
8631 1827 3496
8641 1961 3123
8651 795 5344
8661 6948 9117
8671 5140 6014
8681 4439 7544
8691 6884 9156
8701 5197 9258
8711 896 3411
8721 2741 3591
8731 1934 3592
8741 807 1827
8751 3478 9507
8761 5878 7282
8771 908 1221
8781 537 6607
8791 3762 6027
8801 908 3550
8811 4602 7094
8821 87 9432
8831 6532 6682
8841 7744 9157
8851 3179 9829
8861 3995 8955
8871 494 7171
8881 7789 9052
8891 513 5943
8901 4463 5863
8911 430 7454
8921 4775 8881
8931 3270 4209
8941 1646 9070
8951 6836 8918
8961 3463 9025
8971 970 7043
8981 4530 5702
8991 104 3658
9001 1910 7238
9011 3949 5548
9021 2927 5746
9031 2863 6457
9041 6410 9495
9051 2330 7352
9061 1856 3354
9071 274 5366
9081 2507 6069
9091 1632 2328
9101 5303 7619
9111 3029 3684
9121 7595 8034
9131 6175 6281
9141 511 3676
9151 1583 9328
9161 7888 8754
9171 3865 6881
9181 2415 5626
9191 837 7676
9201 4732 4778
9211 9241 9637
9221 2623 6944
9231 565 8301
9241 6520 8474
9251 7857 9581
9261 173 4631
9271 646 3020
9281 1613 6411
9291 5601 8740
9301 425 9230
9311 2866 6178
9321 908 8161
9331 3452 7204
9341 1883 6858
9351 5925 7801
9361 430 9852
9371 8671 9151
9381 7122 8820
9391 4731 7658
9401 3698 5051
9411 1341 6010
9421 1253 6344
9431 1383 8307
9441 584 1338
9451 477 4875
9461 6474 6754
9471 2848 3287
9481 5701 6421
9491 4702 6175
9501 2673 7357
9511 8359 9044
9521 1846 8892
9531 6137 9773
9541 4196 7450
9551 8089 8422
9561 4164 9598
9571 2909 3077
9581 6571 9695
9591 3645 4165
9601 1168 9424
9611 2044 4318
9621 3770 4838
9631 6315 6996
9641 384 8162
9651 328 8723
9661 5520 9719
9671 7026 7821
9681 1184 9905
9691 680 9156
9701 9077 9842
9711 8225 9955
9721 6386 8733
9731 2481 8006
9741 6702 9297
9751 1772 4073
9761 5962 9769
9771 2793 3352
9781 3060 9876
9791 2886 8650
9801 2986 8237
9811 1025 1940
9821 3525 7080
9831 5705 9743
9841 5620 5691
9851 6450 9545
9861 2937 5042
9871 1326 5132
9881 4515 8012
9891 4986 9435
9901 6365 9210
9911 2992 7668
9921 6129 9135
9931 5770 8364
9941 4588 9707
9951 4667 6841
9961 3736 3941
9971 7914 9065
9981 2903 9115
9991 696 4194
